x,y,t
7.5,5.5,1
7,4.625,2
7,4.625,3
7.5,4.5,4
6,3,5
19.1515151515152,2.87878787878788,6
5.5,3.5,7
7,4.5,8
6.57446808510638,3.4468085106383,9
6.88888888888889,4,10
6.77777777777778,4.22222222222222,11
20,2.5,12
6.55555555555556,3.55555555555556,13
13.0212765957447,5.4468085106383,14
16.8372093023256,2.90697674418605,15
8.5,3,16
14,2.5,17
16,2.80487804878049,18
20.5897435897436,2.94871794871795,19
5.09090909090909,2.95454545454545,20
5,17.5,21
7.13461538461539,12.1153846153846,22
7.3728813559322,4.88135593220339,23
10.1818181818182,3.81818181818182,24
15,2.87878787878788,25
13.875,3.375,26
11.5,2.5,27
6.57142857142857,6.42857142857143,28
6.55102040816327,17.9591836734694,29
6.7,12.2,30
6.6,12.1,31
10.0681818181818,3.95454545454545,32
10,4,33
10,4,34
12.9268292682927,3.4390243902439,35
10.5,3,36
6,3,37
21,4,38
20.5555555555556,3.33333333333333,39
18,2.5,40
18.2,3.3,41
9.42857142857143,3.95918367346939,42
10.4444444444444,3.55555555555556,43
19.3870967741935,2.45161290322581,44
4.05128205128205,3.43589743589744,45
17.5,2.5,46
21,4,47
15.5,30.5,48
5,11.5,49
5.1875,11.6875,50
5.05882352941176,11.5294117647059,51
4.55102040816327,5.04081632653061,52
4.56410256410256,5.05128205128205,53
4.56410256410256,5.05128205128205,54
2.94117647058824,4.91176470588235,55
2.5,4.5,56
8.71698113207547,3.73584905660377,57
11.5,3,58
3.875,3.375,59
11.125,3.375,60
11.0512820512821,3.43589743589744,61
11,3.5,62
11.0512820512821,3.43589743589744,63
8.55555555555556,3.55555555555556,64
8.07317073170732,3.5609756097561,65
6,3,66
4,3.5,67
5.89583333333333,6.41666666666667,68
3,25.5,69
2.94871794871795,4.41025641025641,70
8.5,3,71
7.36363636363636,3.40909090909091,72
4.5,3,73
6.56756756756757,2.83783783783784,74
5.88888888888889,3.88888888888889,75
5.5,3,76
16.5,5.5,77
12.4038461538462,4.57692307692308,78
7.40816326530612,2.95918367346939,79
5.5,3,80
6.18181818181818,2.81818181818182,81
3.5,3,82
6.5,3.5,83
6.5609756097561,3.92682926829268,84
6.5609756097561,3.92682926829268,85
6.92682926829268,3.5609756097561,86
7.82352941176471,3.35294117647059,87
10.5,3.5,88
10.5744680851064,3.4468085106383,89
10.5,3.5,90
9.3695652173913,3.39130434782609,91
5.1,3.3,92
5.04081632653061,6.44897959183673,93
17,4.5,94
19,3.5,95
18.5,3,96
18.5,3,97
18.5,3,98
18.5,3,99
18.5,3,100
18.5,3,101
19,3,102
5,3,103
17.3870967741935,2.45161290322581,104
10,3,105
17.5897435897436,2.94871794871795,106
3,4.5,107
10.5,3.5,108
14.4102564102564,2.94871794871795,109
3,3.5,110
2.85714285714286,10.7857142857143,111
16.4285714285714,31.5714285714286,112
7.75,31.7708333333333,113
8,27,114
13,4,115
14.8409090909091,3.84090909090909,116
18.5,3,117
18.5,3,118
18.0882352941176,2.94117647058824,119
17.5862068965517,2.93103448275862,120
16.0731707317073,3.4390243902439,121
16.2051282051282,3.33333333333333,122
14.7948717948718,3.33333333333333,123
14.7948717948718,3.33333333333333,124
14.5,3.5,125
14.4285714285714,3.42857142857143,126
14.5,3.5,127
14.5,3.5,128
14.5,3.5,129
14.5,3.5,130
14.5,3.5,131
15.4102564102564,2.94871794871795,132
7,3,133
11.0816326530612,3.46938775510204,134
10.7111111111111,3.35555555555556,135
11.0416666666667,3.52083333333333,136
11.0416666666667,3.52083333333333,137
11.1320754716981,3.84905660377358,138
10.7291666666667,3.83333333333333,139
11.1320754716981,3.84905660377358,140
10.7291666666667,3.83333333333333,141
10.6595744680851,3.87234042553191,142
10.9487179487179,3.56410256410256,143
10.9487179487179,3.56410256410256,144
12.4102564102564,2.94871794871795,145
9.53488372093023,3.55813953488372,146
10,3.5,147
9.93181818181818,3.95454545454545,148
9,2.5,149
4,3,150
4,3,151
6.91176470588235,2.94117647058824,152
NaN,NaN,153
5.375,3.875,154
16.5,2.5,155
18,3.5,156
5.5,6,157
18.375,3.875,158
18.5,3.5,159
15,2.5,160
4.5,3,161
7.78571428571429,2.85714285714286,162
17.3,2.4,163
10.25,3.29545454545455,164
10.3636363636364,3.29545454545455,165
10.3636363636364,3.40909090909091,166
12.5909090909091,3.38636363636364,167
6,3,168
14.3148148148148,4.33333333333333,169
6.72,3.34,170
4,3,171
7.08823529411765,2.94117647058824,172
7.04081632653061,3.55102040816327,173
6.44444444444444,3.55555555555556,174
11,3,175
17.8888888888889,2.44444444444444,176
3.33333333333333,4.33333333333333,177
16.8888888888889,2.44444444444444,178
3.57142857142857,3.42857142857143,179
6,3,180
6.95918367346939,8.42857142857143,181
7.15151515151515,32.1212121212121,182
9,12,183
6.04081632653061,6.53061224489796,184
6.61363636363636,5.59090909090909,185
6.61363636363636,5.59090909090909,186
6,5,187
5.5,5,188
4.875,4.625,189
3.92682926829268,4.5609756097561,190
3.92682926829268,4.5609756097561,191
4.44,4.06,192
3.875,4.625,193
3.875,4.625,194
3.875,4.625,195
3.875,4.625,196
3.875,4.625,197
3.875,4.625,198
3.875,4.625,199
3.875,4.625,200
3.875,4.625,201
4,5,202
4,5,203
4,5,204
4,5,205
4,5,206
4,5,207
3.875,5.375,208
2.94117647058824,5.91176470588235,209
7.05882352941176,4.35294117647059,210
2.93103448275862,3.58620689655172,211
2.94117647058824,4.08823529411765,212
2.93103448275862,3.58620689655172,213
2.94117647058824,4.08823529411765,214
2.93103448275862,3.58620689655172,215
3,3.5,216
2.93103448275862,3.58620689655172,217
2.93103448275862,3.58620689655172,218
2.93103448275862,3.58620689655172,219
NaN,NaN,220
NaN,NaN,221
NaN,NaN,222
NaN,NaN,223
NaN,NaN,224
NaN,NaN,225
NaN,NaN,226
2.5,4,227
NaN,NaN,228
NaN,NaN,229
2.5,4,230
NaN,NaN,231
2.5,4,232
NaN,NaN,233
2.5,4,234
NaN,NaN,235
2.5,4,236
NaN,NaN,237
2.5,4,238
2.5,4,239
2.5,4,240
2.5,4,241
2.5,4,242
2.5,4,243
2.5,4.5,244
2.5,4,245
2.5,4,246
2.5,4.5,247
3.3,4.9,248
3.5,4.5,249
3.56410256410256,4.94871794871795,250
2.87878787878788,4.84848484848485,251
10.9285714285714,2.85714285714286,252
6.81132075471698,3.83018867924528,253
11.6923076923077,3.84615384615385,254
4.57142857142857,3.42857142857143,255
3,3,256
3,3,257
3,3,258
2.93103448275862,3.41379310344828,259
2.93103448275862,3.41379310344828,260
2.93103448275862,3.41379310344828,261
2.93103448275862,3.41379310344828,262
3,3,263
3,3,264
3.42857142857143,3.42857142857143,265
14,2.5,266
12.3469387755102,6.85714285714286,267
5.94871794871795,4.43589743589744,268
2.5,4,269
2.87878787878788,4.15151515151515,270
2.87878787878788,4.15151515151515,271
2.94117647058824,4.08823529411765,272
2.87878787878788,4.15151515151515,273
2.5,4,274
2.5,4,275
2.5,4.5,276
2.5,4,277
2.5,4,278
2.5,4.5,279
2.5,4.5,280
2.5,4.5,281
2.5,4.5,282
2.5,4.5,283
2.5,4.5,284
2.5,4.5,285
4.125,3.375,286
4.33333333333333,3.33333333333333,287
3.875,3.375,288
3.875,3.375,289
3.875,3.375,290
3.875,3.375,291
3.875,3.375,292
3.875,3.375,293
3.875,3.375,294
4.5,3,295
8.5,3,296
16.6829268292683,2.82926829268293,297
15.6304347826087,3.39130434782609,298
2.5,4,299
8.125,3.375,300
3,9,301
11.9318181818182,31.0227272727273,302
13.962962962963,11.0555555555556,303
12.8571428571429,4.6530612244898,304
13.1111111111111,4.88888888888889,305
13.5510204081633,4.95918367346939,306
13.5,5,307
13.5,5,308
13.5510204081633,4.95918367346939,309
13.1,5.4,310
11.2972972972973,2.83783783783784,311
13.75,3.29545454545455,312
14.0909090909091,2.95454545454545,313
14.0909090909091,2.95454545454545,314
14.0909090909091,2.95454545454545,315
14.0909090909091,2.95454545454545,316
14.0909090909091,2.95454545454545,317
14.0909090909091,2.95454545454545,318
14.0909090909091,2.95454545454545,319
14.0909090909091,2.95454545454545,320
14.0909090909091,2.95454545454545,321
14.0909090909091,2.95454545454545,322
14.0909090909091,2.95454545454545,323
14.0909090909091,2.95454545454545,324
14.0909090909091,2.95454545454545,325
14.0909090909091,2.95454545454545,326
14.0909090909091,2.95454545454545,327
14.0909090909091,2.95454545454545,328
14.0909090909091,2.95454545454545,329
14.0909090909091,2.95454545454545,330
14.0909090909091,2.95454545454545,331
14,3,332
14.0909090909091,2.95454545454545,333
14.0909090909091,2.95454545454545,334
14.0909090909091,2.95454545454545,335
14.0909090909091,2.95454545454545,336
14.0909090909091,2.95454545454545,337
14.0909090909091,2.95454545454545,338
14.0909090909091,2.95454545454545,339
14,3,340
14.0909090909091,2.95454545454545,341
14.0909090909091,2.95454545454545,342
14.0909090909091,2.95454545454545,343
14.0909090909091,2.95454545454545,344
14.0909090909091,2.95454545454545,345
14.0909090909091,2.95454545454545,346
14.0909090909091,2.95454545454545,347
14.0909090909091,2.95454545454545,348
14.0909090909091,2.95454545454545,349
14.0909090909091,2.95454545454545,350
14.0909090909091,2.95454545454545,351
14.0909090909091,2.95454545454545,352
14.0909090909091,2.95454545454545,353
14.0909090909091,2.95454545454545,354
14.0909090909091,2.95454545454545,355
14.0909090909091,2.95454545454545,356
14,3,357
14,3,358
14,3,359
14,3,360
14.0909090909091,2.95454545454545,361
14,3,362
14,3,363
14.0909090909091,2.95454545454545,364
13.5918367346939,2.95918367346939,365
14.0909090909091,2.95454545454545,366
14,3,367
14,3,368
13.5918367346939,2.95918367346939,369
14.0909090909091,2.95454545454545,370
13.5918367346939,2.95918367346939,371
14,3,372
14,3,373
14,3,374
13.5918367346939,2.95918367346939,375
13.5918367346939,2.95918367346939,376
14,3,377
14.0909090909091,2.95454545454545,378
14.0909090909091,2.95454545454545,379
14.0909090909091,2.95454545454545,380
14,3,381
14,3,382
14.0909090909091,2.95454545454545,383
14.0909090909091,2.95454545454545,384
14.0909090909091,2.95454545454545,385
14.1836734693878,3.26530612244898,386
14.1836734693878,3.26530612244898,387
14.0909090909091,2.95454545454545,388
14.0909090909091,2.95454545454545,389
14.0909090909091,2.95454545454545,390
14.0909090909091,2.95454545454545,391
14.1836734693878,3.26530612244898,392
14.0909090909091,2.95454545454545,393
14.0909090909091,2.95454545454545,394
13.4102564102564,2.94871794871795,395
14.5897435897436,2.94871794871795,396
15.4137931034483,2.93103448275862,397
13.0882352941176,2.94117647058824,398
5.44444444444444,4.55555555555556,399
2.5,4.5,400
16.8888888888889,2.44444444444444,401
7.93877551020408,10.530612244898,402
14.5897435897436,2.94871794871795,403
14.7111111111111,3.35555555555556,404
15.0909090909091,2.95454545454545,405
7.33333333333333,4.45098039215686,406
18,2.5,407
10.9117647058824,2.94117647058824,408
3.5,3,409
5.16279069767442,2.90697674418605,410
4,2.5,411
3,3,412
7.5,3,413
3.38235294117647,3.35294117647059,414
9.5,17,415
3.25581395348837,11.3023255813953,416
2.89473684210526,11.3421052631579,417
2.87878787878788,5.84848484848485,418
2.5,5,419
3,3.5,420
16.5,2.5,421
13.25,3.29545454545455,422
4.06818181818182,3.95454545454545,423
4,3.5,424
3.875,3.625,425
3.92682926829268,3.5609756097561,426
3.875,3.625,427
4,4,428
3.875,3.625,429
3.875,3.625,430
4,4,431
5,3,432
4.66666666666667,3.33333333333333,433
5,3,434
4.5,3,435
5,3.3,436
4.8,3.3,437
5,3,438
3,3.5,439
3,3.5,440
3,3.5,441
3,3.5,442
3,3.5,443
3,3.5,444
3,3.5,445
3,3.5,446
3,3.5,447
3,3.5,448
3,3.5,449
3,3.5,450
3,3.5,451
3,3.5,452
3,3.5,453
3,3.5,454
3,3.5,455
3,3.5,456
3,3.5,457
3,3.5,458
3,4,459
3,3.5,460
5.42857142857143,3.42857142857143,461
5.42857142857143,3.42857142857143,462
5,3.375,463
5,3.375,464
5,3.375,465
5,3.375,466
5,3.375,467
5.42857142857143,3.42857142857143,468
5,3.375,469
5,3.375,470
4.5,3.5,471
4.5,3.5,472
4.5,3.5,473
4.5,3.5,474
4.5,3.5,475
4.55555555555556,3.55555555555556,476
4.5,3.5,477
4.5,3.5,478
4.5,3.5,479
4.5,3.5,480
4.42553191489362,3.4468085106383,481
4.5,3.5,482
4.5,3.5,483
4.5,3.5,484
4.5,3.5,485
4.42553191489362,3.4468085106383,486
4.5,3.5,487
4.55555555555556,3.55555555555556,488
4.42553191489362,3.4468085106383,489
6.04838709677419,3.24193548387097,490
3.875,3.375,491
9.81395348837209,3.25581395348837,492
10.0754716981132,4.09433962264151,493
12.8780487804878,2.80487804878049,494
8,3,495
4,3,496
4,15,497
10.1346153846154,11.8846153846154,498
7.05882352941176,6.47058823529412,499
6.04081632653061,5.44897959183673,500
7.11538461538461,5.42307692307692,501
6.6530612244898,5.12244897959184,502
6.6530612244898,5.12244897959184,503
6.7,5.2,504
6.6530612244898,5.12244897959184,505
6.7,5.2,506
6.5,5,507
6.7,5.2,508
6.5,5,509
6.7,5.2,510
6.5,5,511
6.7,5.2,512
6.5,5,513
6.7,5.2,514
6.7,5.2,515
6.7,5.2,516
6.7,5.2,517
6.7,5.2,518
6.5,5,519
6.7,5.2,520
6.7,5.2,521
6.7,5.2,522
6.5,5,523
6.7,5.2,524
6.35294117647059,4.82352941176471,525
6.44897959183673,4.95918367346939,526
6.5,5,527
6.44897959183673,4.95918367346939,528
6.5,5,529
6.44897959183673,4.95918367346939,530
6.5,5,531
6.5,5,532
6.5,4.5,533
7.4,4.5,534
6.44897959183673,4.95918367346939,535
6.5,5,536
7.34426229508197,4.47540983606557,537
6.5,5,538
6.5,5,539
6.5,5,540
6.44897959183673,4.95918367346939,541
6.5,5,542
6.14285714285714,4.6530612244898,543
4.17391304347826,3.82608695652174,544
5,3.375,545
3.94871794871795,3.43589743589744,546
3.94871794871795,3.43589743589744,547
5.05882352941176,3.45098039215686,548
5.05882352941176,3.35294117647059,549
5.05882352941176,3.35294117647059,550
5.05882352941176,3.35294117647059,551
5.05882352941176,3.35294117647059,552
5.13461538461539,3.40384615384615,553
7.1,3.3,554
7.05882352941176,3.35294117647059,555
7.05882352941176,3.35294117647059,556
7,3,557
8.5,3,558
10.9117647058824,2.94117647058824,559
13,2.90697674418605,560
15.9285714285714,2.85714285714286,561
4.07317073170732,9.4390243902439,562
3.4,10.9,563
3.66666666666667,5.66666666666667,564
3.625,3.875,565
3.56410256410256,3.94871794871795,566
3.56410256410256,3.94871794871795,567
3.56410256410256,3.94871794871795,568
3.5,4,569
3.56410256410256,3.94871794871795,570
3.56410256410256,3.94871794871795,571
3.5,4,572
3.5,4,573
3,3,574
3.5,3.5,575
3,3,576
3,3,577
3.5,4,578
3.56410256410256,3.94871794871795,579
3.56410256410256,3.94871794871795,580
3,3,581
3,4.5,582
3,3.5,583
3.33333333333333,4.44444444444444,584
3,4.5,585
3,4.5,586
3,4.5,587
3,4.5,588
3,4.5,589
3.33333333333333,4.44444444444444,590
3,4.5,591
3,4.5,592
3,4.5,593
3,4.5,594
3,4.5,595
3,4.5,596
3.375,3.875,597
3.375,3.875,598
3.375,3.875,599
3.375,3.875,600
3,4,601
3.375,3.875,602
3.375,3.875,603
3.375,3.875,604
3.375,3.875,605
3.375,3.875,606
3.375,3.875,607
3.375,3.875,608
3.375,3.875,609
3.375,3.875,610
3.375,3.875,611
3.375,3.875,612
3.375,3.875,613
3.375,3.875,614
3.375,3.875,615
3.375,3.875,616
3.375,3.875,617
3.4390243902439,3.92682926829268,618
4.55555555555556,3.33333333333333,619
4,3.5,620
2.87878787878788,7.15151515151515,621
17,4.5,622
4,3,623
4.87755102040816,3.6530612244898,624
5,3,625
6.5,3,626
11.3333333333333,3.33333333333333,627
10.8780487804878,2.80487804878049,628
8.45283018867925,14.9245283018868,629
15.0338983050847,29.5423728813559,630
12.0408163265306,5.44897959183673,631
11,5,632
10,4,633
10,4,634
10,4,635
10,4,636
9.88372093023256,3.90697674418605,637
9.88372093023256,3.90697674418605,638
9.88372093023256,3.90697674418605,639
10,4,640
9.95454545454546,3.93181818181818,641
9.88372093023256,3.90697674418605,642
9.88372093023256,3.90697674418605,643
10.2340425531915,3.78723404255319,644
9.88372093023256,3.90697674418605,645
10.3265306122449,3.87755102040816,646
9.95454545454546,3.93181818181818,647
10.3265306122449,3.87755102040816,648
10.3265306122449,3.87755102040816,649
10.3265306122449,3.87755102040816,650
9.88372093023256,3.90697674418605,651
10.2708333333333,3.85416666666667,652
9.88372093023256,3.90697674418605,653
9.88372093023256,3.90697674418605,654
9.88372093023256,3.90697674418605,655
10,4,656
9.93181818181818,3.97727272727273,657
9.93181818181818,3.97727272727273,658
9.88372093023256,3.90697674418605,659
9.93181818181818,3.97727272727273,660
10,4,661
10,4,662
9.88372093023256,3.90697674418605,663
9.93181818181818,3.97727272727273,664
10,4,665
10.3265306122449,3.87755102040816,666
9.88372093023256,3.90697674418605,667
10.3265306122449,3.87755102040816,668
10.3265306122449,3.87755102040816,669
10,4,670
10.3265306122449,3.87755102040816,671
10,4,672
10,4,673
10,4,674
9.88372093023256,3.90697674418605,675
10.3265306122449,3.87755102040816,676
9.88372093023256,3.90697674418605,677
9.93181818181818,3.97727272727273,678
10,4,679
10,4,680
9.93181818181818,3.97727272727273,681
10,4,682
10,4,683
10.375,3.875,684
10.3076923076923,3.84615384615385,685
10.375,3.875,686
10.3076923076923,3.84615384615385,687
10.375,3.875,688
10.3076923076923,3.84615384615385,689
10.3333333333333,4.33333333333333,690
9.93181818181818,3.97727272727273,691
10.3076923076923,3.84615384615385,692
10.375,3.875,693
10,4,694
10.375,3.875,695
10,4,696
9.93181818181818,3.97727272727273,697
10.2916666666667,3.8125,698
10.2727272727273,4.31818181818182,699
10.2727272727273,4.31818181818182,700
10.2727272727273,4.31818181818182,701
10.2727272727273,4.31818181818182,702
10.2727272727273,4.31818181818182,703
10.2727272727273,4.31818181818182,704
10.2727272727273,4.31818181818182,705
10.2727272727273,4.31818181818182,706
10.2727272727273,4.31818181818182,707
10.2727272727273,4.31818181818182,708
10.2727272727273,4.31818181818182,709
10.2727272727273,4.31818181818182,710
10.2727272727273,4.31818181818182,711
10.2727272727273,4.31818181818182,712
10.2727272727273,4.31818181818182,713
9.85714285714286,4.3469387755102,714
6.5,4,715
6.88888888888889,3.88888888888889,716
5.44897959183673,3.95918367346939,717
5.44897959183673,3.95918367346939,718
5.44897959183673,3.95918367346939,719
5.44897959183673,3.95918367346939,720
5.44897959183673,3.95918367346939,721
5.44897959183673,3.95918367346939,722
5.41666666666667,3.89583333333333,723
5.41666666666667,3.89583333333333,724
5.3469387755102,3.85714285714286,725
5.44897959183673,3.95918367346939,726
5.41666666666667,3.89583333333333,727
5.44897959183673,3.95918367346939,728
5.3469387755102,3.85714285714286,729
5.3469387755102,3.85714285714286,730
5.3469387755102,3.85714285714286,731
5.46938775510204,3.93877551020408,732
5.4,3.9,733
5.41666666666667,3.89583333333333,734
5.3469387755102,3.85714285714286,735
5.3469387755102,3.85714285714286,736
5.3469387755102,3.85714285714286,737
5.3469387755102,3.85714285714286,738
5.3469387755102,3.85714285714286,739
5.38,3.92,740
5.3469387755102,3.85714285714286,741
5.5,4,742
5.3469387755102,3.85714285714286,743
5.3469387755102,3.85714285714286,744
5.3469387755102,3.85714285714286,745
5.3469387755102,3.85714285714286,746
5.3469387755102,3.85714285714286,747
5.84090909090909,3.84090909090909,748
5.6,4.1,749
4.44444444444444,3.55555555555556,750
4.6530612244898,3.85714285714286,751
6.42222222222222,3.46666666666667,752
2.5,4.5,753
5,20,754
NaN,NaN,755
13.5833333333333,4.89583333333333,756
12.7551020408163,4.73469387755102,757
12.7551020408163,4.73469387755102,758
12.4489795918367,5.04081632653061,759
11.75,3.33333333333333,760
12.9318181818182,3.97727272727273,761
12.9318181818182,3.97727272727273,762
12.9318181818182,3.97727272727273,763
12.9318181818182,3.97727272727273,764
12.9318181818182,3.97727272727273,765
12.9318181818182,3.97727272727273,766
12.9318181818182,3.97727272727273,767
12.9318181818182,3.97727272727273,768
12.9318181818182,3.97727272727273,769
12.9318181818182,3.97727272727273,770
12.9318181818182,3.97727272727273,771
12.9318181818182,3.97727272727273,772
12.9318181818182,3.97727272727273,773
12.9318181818182,3.97727272727273,774
12.780487804878,3.82926829268293,775
12.9318181818182,3.97727272727273,776
12.8333333333333,3.85714285714286,777
12.9318181818182,3.97727272727273,778
12.9318181818182,3.97727272727273,779
12.9318181818182,3.97727272727273,780
12.780487804878,3.82926829268293,781
12.9318181818182,3.97727272727273,782
12.0576923076923,3.55769230769231,783
12.1666666666667,3.66666666666667,784
12.8333333333333,3.85714285714286,785
12.9318181818182,3.97727272727273,786
12.9318181818182,3.97727272727273,787
12.9318181818182,3.97727272727273,788
12.9318181818182,3.97727272727273,789
12.1666666666667,3.66666666666667,790
12.780487804878,3.82926829268293,791
12.8333333333333,3.85714285714286,792
12.8333333333333,3.85714285714286,793
12.9318181818182,3.97727272727273,794
12.8333333333333,3.85714285714286,795
12.8333333333333,3.85714285714286,796
12.8333333333333,3.85714285714286,797
12.8333333333333,3.85714285714286,798
12.0576923076923,3.55769230769231,799
12.8333333333333,3.85714285714286,800
12.8333333333333,3.85714285714286,801
12.8333333333333,3.85714285714286,802
12.8333333333333,3.85714285714286,803
12.8333333333333,3.85714285714286,804
12.1666666666667,3.66666666666667,805
10.75,3.33333333333333,806
10.75,3.33333333333333,807
10.7234042553191,3.27659574468085,808
10.7234042553191,3.27659574468085,809
10.75,3.33333333333333,810
10.75,3.33333333333333,811
10.75,3.33333333333333,812
10.7234042553191,3.27659574468085,813
10.75,3.33333333333333,814
10.7234042553191,3.27659574468085,815
10.75,3.33333333333333,816
10.7234042553191,3.27659574468085,817
10.7234042553191,3.27659574468085,818
10.7234042553191,3.27659574468085,819
10.7234042553191,3.27659574468085,820
10.7234042553191,3.27659574468085,821
10.75,3.33333333333333,822
10.7234042553191,3.27659574468085,823
10.7234042553191,3.27659574468085,824
10.6739130434783,3.23913043478261,825
10.7234042553191,3.27659574468085,826
10.6458333333333,3.22916666666667,827
10.6458333333333,3.22916666666667,828
10.6458333333333,3.22916666666667,829
10.7234042553191,3.27659574468085,830
10.7234042553191,3.27659574468085,831
10.7234042553191,3.27659574468085,832
10.6458333333333,3.22916666666667,833
10.7234042553191,3.27659574468085,834
10.7234042553191,3.27659574468085,835
10.3,3.8,836
5.11111111111111,4.11111111111111,837
5.5,4,838
5.06818181818182,4.04545454545455,839
5.46938775510204,4.04081632653061,840
6.51666666666667,3.63333333333333,841
5.46938775510204,3.93877551020408,842
5.06818181818182,4.04545454545455,843
5.46938775510204,3.93877551020408,844
5.05555555555556,4.03703703703704,845
5.46938775510204,4.04081632653061,846
5.05555555555556,4.03703703703704,847
5.05555555555556,4.12962962962963,848
5.16071428571429,4.125,849
5.46938775510204,4.04081632653061,850
5.09090909090909,4.18181818181818,851
5.56862745098039,4.03921568627451,852
5.56862745098039,4.03921568627451,853
5.56862745098039,4.03921568627451,854
5.3469387755102,3.85714285714286,855
5.4,3.9,856
5.4,3.9,857
5.56862745098039,4.03921568627451,858
5.56862745098039,4.03921568627451,859
6.48387096774194,3.62903225806452,860
5.3469387755102,3.85714285714286,861
5.4,3.9,862
5.4,3.9,863
5.56862745098039,4.03921568627451,864
5.4,3.9,865
5.5,4,866
5.4,3.9,867
5.3469387755102,3.85714285714286,868
5.5,4,869
5.5,4,870
6.53125,3.71875,871
5.3469387755102,3.85714285714286,872
5.3469387755102,3.85714285714286,873
5.5,4,874
5.3469387755102,3.85714285714286,875
5.56862745098039,4.03921568627451,876
6.53125,3.71875,877
5.3469387755102,3.85714285714286,878
5.5,4,879
6.52380952380952,3.66666666666667,880
5.47058823529412,3.94117647058824,881
5.3469387755102,3.85714285714286,882
5.47058823529412,3.94117647058824,883
5.47058823529412,3.94117647058824,884
5.47058823529412,3.94117647058824,885
4.07317073170732,3.4390243902439,886
5.92682926829268,3.4390243902439,887
3,3.5,888
2.5,5.5,889
16,2.5,890
3.30952380952381,4.26190476190476,891
12.1818181818182,3.81818181818182,892
2.93103448275862,3.58620689655172,893
17.3,2.4,894
9.08823529411765,2.94117647058824,895
2.5,4.5,896
13.0555555555556,7.03703703703704,897
4.95454545454545,27.0681818181818,898
8.61363636363636,10.5909090909091,899
5.66666666666667,6.44444444444444,900
6,5.6,901
6.4390243902439,5.92682926829268,902
7.54385964912281,4.89473684210526,903
6,3.90625,904
11.9090909090909,2.95454545454545,905
9,3,906
NaN,NaN,907
9.5,2.5,908
8.3125,3.8125,909
13.5862068965517,2.93103448275862,910
14.0512820512821,3.43589743589744,911
14.5,3.5,912
14.5,3.5,913
14,3,914
10.0909090909091,2.95454545454545,915
6.69230769230769,3.84615384615385,916
4.625,3.9375,917
5.38636363636364,4.40909090909091,918
5.33333333333333,4.33333333333333,919
14.6923076923077,3.84615384615385,920
9.3695652173913,3.39130434782609,921
2.93103448275862,3.41379310344828,922
12,3,923
2,5,924
13.3469387755102,3.85714285714286,925
3.44444444444444,8.44444444444444,926
4.375,3.875,927
18.5,3,928
16,3.5,929
4.3695652173913,7.60869565217391,930
12.5,2.5,931
10.5,3,932
15.5897435897436,2.94871794871795,933
4,4,934
14.3636363636364,12.3636363636364,935
6.93877551020408,19.530612244898,936
5.75,6.25,937
2.87878787878788,6.15151515151515,938
2.86486486486486,4.24324324324324,939
2.86486486486486,4.24324324324324,940
2.5,4,941
3,4.5,942
2.5,4.5,943
2.5,5,944
2.5,5,945
2.5,5,946
NaN,NaN,947
2.5,5,948
2.5,5,949
2.5,5,950
2.5,5,951
2.5,5,952
2.5,5,953
2.5,5,954
2.5,5,955
2.5,5,956
2.5,5,957
2.5,5.5,958
2.5,4.5,959
2.5,5.5,960
2.5,4.5,961
