x,y,t
9.27272727272727,3.72727272727273,1
8,7.5,2
21.0882352941176,2.94117647058824,3
16.3333333333333,2.91666666666667,4
15.9074074074074,2.96296296296296,5
17.8163265306122,3.36734693877551,6
12.3928571428571,3.32142857142857,7
15.0943396226415,4.07547169811321,8
9.5,3,9
19.6,5.9,10
19.4102564102564,2.94871794871795,11
8.60655737704918,3.86885245901639,12
13.9411764705882,3.35294117647059,13
14,3,14
18.3863636363636,4.59090909090909,15
21.5,11.5,16
14.5,3.39130434782609,17
18.8333333333333,3.8,18
11,3,19
14.6666666666667,3.33333333333333,20
10.5166666666667,5.01666666666667,21
20.9090909090909,5.90909090909091,22
4.7,20.8,23
12.6176470588235,5.57352941176471,24
10,3,25
10.6142857142857,6.84285714285714,26
19.4444444444444,3.44444444444444,27
4.45283018867925,11.5283018867925,28
8.92452830188679,3.45283018867925,29
10.9642857142857,4.05357142857143,30
11.4166666666667,4.08333333333333,31
16.6271186440678,6.88135593220339,32
16.8363636363636,3.8,33
16.1111111111111,4.11111111111111,34
13.3636363636364,3.27272727272727,35
13.5,3,36
16.0909090909091,2.95454545454545,37
5.16279069767442,2.90697674418605,38
5,4,39
16,3,40
18.5,3.5,41
13,3,42
3.7,4.8,43
5,4,44
16.3333333333333,2.91666666666667,45
12.1791044776119,4.14925373134328,46
NaN,NaN,47
14.0909090909091,2.95454545454545,48
21.4285714285714,4.57142857142857,49
13,3.421875,50
17.3333333333333,2.91666666666667,51
19.5,4.5,52
14.9090909090909,2.95454545454545,53
16.8372093023256,2.90697674418605,54
11.5555555555556,3.33333333333333,55
19,3,56
NaN,NaN,57
9.5,3,58
9.5,3,59
5.07317073170732,3.4390243902439,60
14.5762711864407,3.45762711864407,61
10.5,3,62
21.5,4.5,63
7.92307692307692,11.0769230769231,64
19.6851851851852,4.33333333333333,65
5.9016393442623,4.63934426229508,66
12.5384615384615,4.46153846153846,67
9,3.421875,68
14.1346153846154,3.40384615384615,69
16.9245283018868,3.45283018867925,70
7.88372093023256,3.90697674418605,71
15.6440677966102,6.89830508474576,72
17.9230769230769,6.53846153846154,73
5.16279069767442,2.90697674418605,74
18.4166666666667,3.83333333333333,75
8.5,3,76
9.1,3.3,77
10.5555555555556,3.33333333333333,78
12.5,3,79
20.0754716981132,3.54716981132075,80
7.59375,3.75,81
19.0909090909091,2.95454545454545,82
14,3,83
14.5,3,84
13.5,3,85
11.5744680851064,3.4468085106383,86
7.83928571428571,4.125,87
7.92857142857143,4.03571428571429,88
8.92307692307692,3.46153846153846,89
6,3.375,90
12.8235294117647,3.35294117647059,91
16.5,3,92
12.7536231884058,4.36231884057971,93
15.9090909090909,2.95454545454545,94
5.35714285714286,5.17857142857143,95
12.9245283018868,3.45283018867925,96
16.4385964912281,3.36842105263158,97
18.4081632653061,2.95918367346939,98
17.8333333333333,3.66666666666667,99
16.9411764705882,3.35294117647059,100
7.39285714285714,3.32142857142857,101
11.5,5,102
21,5,103
4.6,3.9,104
3.7,6.8,105
17.0769230769231,3.46153846153846,106
19.5,3,107
18.28,3.82,108
17.9347826086957,3.95652173913043,109
17.8653846153846,3.40384615384615,110
17.4255319148936,3.4468085106383,111
18.5,3,112
18.9117647058824,2.94117647058824,113
20,3,114
20,3,115
20.5,3,116
20,3,117
20.5555555555556,3.33333333333333,118
18.85,3.4,119
19.4390243902439,3.92682926829268,120
18.5,3,121
19.0754716981132,3.45283018867925,122
18.9268292682927,3.4390243902439,123
8.42553191489362,3.4468085106383,124
17.8372093023256,2.90697674418605,125
7.42553191489362,3.5531914893617,126
17.3421052631579,2.89473684210526,127
16.5555555555556,3.44444444444444,128
16.5555555555556,3.33333333333333,129
16.5,3,130
16.5555555555556,3.33333333333333,131
16.5555555555556,3.33333333333333,132
13.3636363636364,3.36363636363636,133
8.33333333333333,3.33333333333333,134
13,3,135
21,3.5,136
18.8484848484848,2.87878787878788,137
11,3,138
9.5,3,139
12.1186440677966,4.3728813559322,140
6.45762711864407,8.42372881355932,141
18.8372093023256,2.90697674418605,142
14.8653846153846,3.40384615384615,143
14.8653846153846,3.40384615384615,144
14.9,3.3,145
14.7741935483871,3.33870967741935,146
14.3823529411765,3.35294117647059,147
10.9117647058824,3.79411764705882,148
17.5,3,149
17.9090909090909,2.95454545454545,150
17.9090909090909,2.95454545454545,151
17.9090909090909,2.95454545454545,152
17.9090909090909,2.95454545454545,153
18.5,3,154
15.8181818181818,3.81818181818182,155
11.9464285714286,4.03571428571429,156
12.0434782608696,3.93478260869565,157
12.4255319148936,3.4468085106383,158
12.4255319148936,3.4468085106383,159
12.4255319148936,3.4468085106383,160
12.4255319148936,3.4468085106383,161
15.4102564102564,2.94871794871795,162
18.9117647058824,2.94117647058824,163
6.57446808510638,3.4468085106383,164
6.92682926829268,3.5609756097561,165
12.5,3.39130434782609,166
15.9230769230769,4.46153846153846,167
14.8095238095238,3.61904761904762,168
18.5,3,169
20.8888888888889,4.11111111111111,170
10.5873015873016,6.63492063492064,171
16.4444444444444,3.33333333333333,172
16,3,173
14,3,174
NaN,NaN,175
5.63636363636364,3.27272727272727,176
11.9846153846154,4.98461538461538,177
14.1851851851852,3.24074074074074,178
4.875,3.375,179
6.07317073170732,3.4390243902439,180
6.07317073170732,3.4390243902439,181
18.5,5.5,182
13,3,183
13,3,184
16,4,185
12.7333333333333,3.28333333333333,186
16.8888888888889,3.88888888888889,187
14.5,3,188
17.469696969697,4.48484848484848,189
17.5,9.5,190
17.6666666666667,12.8115942028986,191
15.089552238806,3.92537313432836,192
15.0769230769231,3.46153846153846,193
15.5,3.42857142857143,194
15.0769230769231,3.46153846153846,195
15.6176470588235,3.35294117647059,196
15.2258064516129,3.33870967741935,197
15.5,3.42857142857143,198
15.1904761904762,3.38095238095238,199
15.0769230769231,3.46153846153846,200
15.5,3.42857142857143,201
15.6176470588235,3.35294117647059,202
15.6567164179104,3.3134328358209,203
16.0491803278689,3.29508196721311,204
17.5,3,205
17.5,3,206
17.5,3,207
17.5,3,208
17.5,3,209
19,3,210
18.5,3.9,211
18.74,3.32,212
9.64516129032258,4.09677419354839,213
14.0434782608696,3.93478260869565,214
13.9268292682927,3.4390243902439,215
18.5,3,216
15.9117647058824,2.94117647058824,217
15,3,218
21.0882352941176,2.94117647058824,219
18.4324324324324,2.83783783783784,220
9,3,221
5.29166666666667,3.8125,222
18.8372093023256,2.90697674418605,223
12,3.40384615384615,224
5.33333333333333,3.33333333333333,225
16.4285714285714,3.42857142857143,226
13.7457627118644,3.22033898305085,227
6.16071428571429,5.125,228
7.1,9.6,229
4.12962962962963,7.85185185185185,230
5.52083333333333,3.97916666666667,231
20.9268292682927,4.4390243902439,232
5.69090909090909,3.29090909090909,233
6.42553191489362,3.4468085106383,234
21,3,235
21.5,3.5,236
8.5,3,237
10,3,238
16,2.5,239
16.9230769230769,3.33333333333333,240
16.9230769230769,3.33333333333333,241
16.9230769230769,3.33333333333333,242
16.9117647058824,2.94117647058824,243
16.9117647058824,2.94117647058824,244
16.9117647058824,2.94117647058824,245
16.9117647058824,2.94117647058824,246
16.9117647058824,2.94117647058824,247
16.9117647058824,2.94117647058824,248
16.9117647058824,2.94117647058824,249
17,3,250
17,3,251
17,3,252
17,3,253
18,3,254
5.33333333333333,3.33333333333333,255
15.2765957446809,2.87234042553191,256
11,5.5,257
6.35294117647059,4.82352941176471,258
21.3,4.8,259
16.7857142857143,2.85714285714286,260
15.9117647058824,2.94117647058824,261
15.9117647058824,2.94117647058824,262
15.5,3,263
15.9117647058824,2.94117647058824,264
13.5,3,265
12,3,266
17,3.375,267
17,3.375,268
17,3.375,269
16.9268292682927,3.4390243902439,270
16.9268292682927,3.4390243902439,271
16.9268292682927,3.4390243902439,272
16.9268292682927,3.4390243902439,273
16.9268292682927,3.4390243902439,274
18,3,275
18,3.375,276
18,3.375,277
18,3.375,278
18,3.375,279
18,3.375,280
18,3.375,281
18,3.375,282
18,3,283
18.5,3,284
18.4102564102564,2.94871794871795,285
18.4102564102564,2.94871794871795,286
17.3928571428571,3.32142857142857,287
17,3,288
17.3529411764706,3.84313725490196,289
8,3,290
13.5,3,291
12.9142857142857,4.55714285714286,292
19.4324324324324,2.83783783783784,293
13.4262295081967,3.9672131147541,294
10.890625,6.125,295
8.7741935483871,5.33870967741935,296
16,4.57142857142857,297
7.04347826086957,4.06521739130435,298
11.5,3.41379310344828,299
11.5,4,300
14.5,3,301
16.0769230769231,7.46153846153846,302
9,31,303
5.08928571428571,5.64285714285714,304
7.96610169491525,6.45762711864407,305
8.48484848484848,6.39393939393939,306
8.48484848484848,6.39393939393939,307
8.359375,6.34375,308
8.10344827586207,5.1551724137931,309
9.6056338028169,5.90140845070423,310
9.6056338028169,5.90140845070423,311
10.046875,5.96875,312
9.68115942028986,5.82608695652174,313
9.984375,6.0625,314
10,6,315
10.0714285714286,6.44285714285714,316
10.0714285714286,6.44285714285714,317
10.0579710144928,6.50724637681159,318
10.0714285714286,6.44285714285714,319
10.0579710144928,6.50724637681159,320
10.0714285714286,6.44285714285714,321
10,6,322
4,4.5,323
4.07547169811321,4.86792452830189,324
3.66666666666667,4.33333333333333,325
3.66666666666667,4.33333333333333,326
3.61363636363636,4.40909090909091,327
3.66666666666667,4.33333333333333,328
3.6530612244898,4.87755102040816,329
3.7,4.8,330
6.63793103448276,3.41379310344828,331
14.9074074074074,2.96296296296296,332
16.8333333333333,3.66666666666667,333
11.3666666666667,3.93333333333333,334
7,3.5,335
11.5,3,336
11.0731707317073,3.4390243902439,337
11.5555555555556,3.33333333333333,338
11,3,339
11,3,340
11,3,341
11,3.375,342
11,3,343
11,3.375,344
11,3.375,345
11,3,346
11,3,347
18.5,3,348
12.5238095238095,4.04761904761905,349
11.5,3.42857142857143,350
14.5,3.5,351
16.9848484848485,4.95454545454545,352
15.2884615384615,3.78846153846154,353
5.69090909090909,3.29090909090909,354
7.33333333333333,4.13725490196078,355
15.140625,3.421875,356
NaN,NaN,357
11,3,358
11,3,359
11,3,360
10.5,3,361
4.03703703703704,5.92592592592593,362
18.4444444444444,4.55555555555556,363
15.6349206349206,21.4603174603175,364
12.71875,6.265625,365
11.8,6.74285714285714,366
7.71666666666667,5.26666666666667,367
7.63934426229508,5.0983606557377,368
7.14285714285714,5.64285714285714,369
7.14285714285714,5.64285714285714,370
7.14285714285714,5.64285714285714,371
7.1875,5.265625,372
6.91666666666667,4.5,373
18,3,374
13.5,3.41379310344828,375
13.5,3.41379310344828,376
13.3928571428571,3.32142857142857,377
13.5,3.41379310344828,378
13.3157894736842,3.36842105263158,379
13.4237288135593,3.45762711864407,380
13.3157894736842,3.36842105263158,381
12.8870967741935,3.33870967741935,382
13.3157894736842,3.36842105263158,383
13.5614035087719,3.54385964912281,384
13.5614035087719,3.54385964912281,385
13.3157894736842,3.36842105263158,386
13.3928571428571,3.41071428571429,387
13.3157894736842,3.36842105263158,388
13.4545454545455,3.45454545454545,389
13.5614035087719,3.54385964912281,390
16.9166666666667,3.25,391
12.5,4,392
12.9245283018868,3.45283018867925,393
6.07317073170732,3.4390243902439,394
14,3,395
14.5,3,396
12.40625,4.5625,397
20.4313725490196,4.96078431372549,398
19.0677966101695,4.49152542372881,399
11.5,3.39130434782609,400
17.7857142857143,2.85714285714286,401
13,3.40384615384615,402
10.6785714285714,14.7142857142857,403
3.57142857142857,4.42857142857143,404
4.47058823529412,4.56862745098039,405
3.70833333333333,4.875,406
3.70833333333333,4.875,407
3.70833333333333,4.875,408
3.70833333333333,4.875,409
3.70833333333333,4.875,410
3.70833333333333,4.875,411
3.70833333333333,4.875,412
3.75510204081633,4.79591836734694,413
3.625,5,414
12.5762711864407,3.45762711864407,415
15.4754098360656,4.04918032786885,416
15.0714285714286,3.96428571428571,417
10.5,3,418
9,3,419
14.8095238095238,6.38095238095238,420
10.5,5.56944444444444,421
12.6326530612245,30.8163265306122,422
18.7272727272727,4.27272727272727,423
18.5925925925926,4.42592592592593,424
18.5925925925926,4.42592592592593,425
18.5454545454545,4.45454545454545,426
18.6545454545455,4.4,427
12.8524590163934,3.29508196721311,428
12,3,429
12,3,430
12,3,431
12,3,432
12,3,433
12.4444444444444,3.33333333333333,434
12.5,3,435
12.5,3,436
12.5,3,437
12.5,3,438
16.5,3,439
16.9090909090909,2.95454545454545,440
16.5,3,441
16.5,3,442
16.4102564102564,2.94871794871795,443
16.4102564102564,2.94871794871795,444
16.4102564102564,2.94871794871795,445
15.9090909090909,2.95454545454545,446
16.4102564102564,2.94871794871795,447
15.9090909090909,2.95454545454545,448
16.4102564102564,2.94871794871795,449
16.4102564102564,2.94871794871795,450
16.4102564102564,2.94871794871795,451
16.9090909090909,2.95454545454545,452
16.9090909090909,2.95454545454545,453
16.9090909090909,2.95454545454545,454
16.4081632653061,2.95918367346939,455
16.9090909090909,2.95454545454545,456
16.3333333333333,2.91666666666667,457
16.3333333333333,2.91666666666667,458
16.3333333333333,2.91666666666667,459
16.3333333333333,2.91666666666667,460
15.9090909090909,2.95454545454545,461
17.7857142857143,2.85714285714286,462
4.8125,5.3125,463
12.6349206349206,3.87301587301587,464
12.5,3.5,465
12.8870967741935,3.33870967741935,466
13.5,3,467
15.6440677966102,3.88135593220339,468
15,3.40384615384615,469
15.859375,3.421875,470
14,3.36486486486486,471
11.4745762711864,4.05084745762712,472
NaN,NaN,473
5.91666666666667,5.58333333333333,474
11.3333333333333,4.16666666666667,475
15.3421052631579,2.89473684210526,476
10.5555555555556,3.33333333333333,477
12.5,3,478
7.92452830188679,3.45283018867925,479
19,3,480
8.08771929824561,5.70175438596491,481
20.0833333333333,11.4166666666667,482
7.49275362318841,5.36231884057971,483
9.49275362318841,5.8695652173913,484
9.25806451612903,5.74193548387097,485
9.45714285714286,5.9,486
9.25806451612903,5.74193548387097,487
10.75,4.75,488
10,6,489
10.0535714285714,4.98214285714286,490
10,5.41666666666667,491
10,5.41666666666667,492
10,5.41666666666667,493
10,5.41666666666667,494
10,5.41666666666667,495
10,5.41666666666667,496
9.72727272727273,5.27272727272727,497
10,5.41666666666667,498
10,5.41666666666667,499
10.0491803278689,5.49180327868852,500
10.0491803278689,5.49180327868852,501
10.0491803278689,5.49180327868852,502
10,5.41666666666667,503
9.72727272727273,5.27272727272727,504
9.72727272727273,5.27272727272727,505
9.72727272727273,5.27272727272727,506
11.7704918032787,6.31147540983607,507
9.11864406779661,5.3728813559322,508
17,3.40384615384615,509
16.4385964912281,3.36842105263158,510
16,3.33870967741935,511
16.3636363636364,3.28787878787879,512
16,3.33870967741935,513
15.9154929577465,3.26760563380282,514
15.9154929577465,3.26760563380282,515
16.3636363636364,3.28787878787879,516
15.9154929577465,3.26760563380282,517
16.3636363636364,3.28787878787879,518
16.3636363636364,3.28787878787879,519
16.3636363636364,3.28787878787879,520
15.9411764705882,3.35294117647059,521
14.4347826086957,3.39130434782609,522
14.5,3.35294117647059,523
14.4347826086957,3.39130434782609,524
14.5,3.35294117647059,525
14.4347826086957,3.39130434782609,526
14.4347826086957,3.39130434782609,527
14.4347826086957,3.39130434782609,528
14.5,3.35294117647059,529
15.3620689655172,3.41379310344828,530
18.9285714285714,2.85714285714286,531
13.5454545454545,5.40909090909091,532
14.320987654321,4.23456790123457,533
9.92307692307692,3.46153846153846,534
5.60714285714286,3.32142857142857,535
10.0833333333333,4.41666666666667,536
17.9090909090909,2.95454545454545,537
13.0307692307692,7.87692307692308,538
7.5,3.42857142857143,539
8,3.92307692307692,540
7.77966101694915,3.8135593220339,541
13,3,542
5,4,543
17,4.57142857142857,544
14.7826086956522,4.65217391304348,545
8.05172413793103,14.6034482758621,546
9.36363636363636,5.36363636363636,547
9.421875,5.4375,548
9,5.5,549
9,5.92307692307692,550
9,5.5,551
9,5.92307692307692,552
9,5.5,553
9,6,554
9.04918032786885,5.50819672131148,555
9,6,556
9,6,557
12,5.46153846153846,558
9.98484848484848,4.04545454545455,559
8.5,3.5,560
9,3.40384615384615,561
9,3.40384615384615,562
8.57446808510638,3.4468085106383,563
9,3.40384615384615,564
9,3.40384615384615,565
11.4237288135593,3.54237288135593,566
12.140625,3.421875,567
12.140625,3.421875,568
12.140625,3.421875,569
12.140625,3.421875,570
12.140625,3.421875,571
12.140625,3.421875,572
12.140625,3.421875,573
12,3.421875,574
13,3.421875,575
11.4754098360656,5.9344262295082,576
15,6.578125,577
15,6.578125,578
14.5762711864407,6.45762711864407,579
15,6.578125,580
15,6.5,581
15,6.578125,582
15,6.578125,583
15,6.578125,584
15.0769230769231,5.53846153846154,585
NaN,NaN,586
16.8372093023256,2.90697674418605,587
15.3636363636364,3.27272727272727,588
17.9117647058824,2.94117647058824,589
18,3,590
18,3,591
17.5,3,592
17.9117647058824,2.94117647058824,593
17.5,3,594
17,3,595
17.5,3,596
13.5,3.41379310344828,597
12.9285714285714,3.96428571428571,598
13.3620689655172,3.41379310344828,599
6,3.5,600
5.56862745098039,8.03921568627451,601
21.6666666666667,22.3333333333333,602
10.5322580645161,6.90322580645161,603
10.5942028985507,6.95652173913043,604
10.5857142857143,7.01428571428571,605
10.5,7.07142857142857,606
10.4571428571429,6.97142857142857,607
10.0909090909091,6.86363636363636,608
10.1538461538462,6.84615384615385,609
10.0909090909091,6.86363636363636,610
10.0909090909091,6.86363636363636,611
10.0909090909091,6.86363636363636,612
10.1538461538462,6.84615384615385,613
10.0909090909091,6.86363636363636,614
10.0909090909091,6.86363636363636,615
10.0909090909091,6.86363636363636,616
10.1538461538462,6.84615384615385,617
10.0909090909091,6.86363636363636,618
10.1538461538462,6.84615384615385,619
10.1538461538462,6.84615384615385,620
12,6,621
12.046875,6.03125,622
12,6,623
11.96875,5.953125,624
11.96875,5.953125,625
11.96875,5.953125,626
11.96875,5.953125,627
11.9545454545455,6,628
17.98,4.46,629
14.5,3.5,630
14.4237288135593,3.45762711864407,631
14.5,3.5,632
14.5614035087719,3.36842105263158,633
14.4237288135593,3.45762711864407,634
14.4237288135593,3.45762711864407,635
14.0769230769231,3.46153846153846,636
14.5,3.5,637
14.0769230769231,3.46153846153846,638
14.4237288135593,3.45762711864407,639
14.5,3.41379310344828,640
8.5,3,641
13.4166666666667,4,642
19,5.59615384615385,643
7.46153846153846,4.46153846153846,644
18.6363636363636,3.27272727272727,645
16.5686274509804,3.94117647058824,646
8.609375,3.734375,647
9.01785714285714,3.94642857142857,648
7.5,11.5,649
14.8611111111111,6.36111111111111,650
13.7384615384615,5.2,651
21.5,6.5,652
7,3.5,653
7.59677419354839,4.08064516129032,654
6.6304347826087,3.60869565217391,655
12.5,3,656
11.7164179104478,4.3134328358209,657
18.9117647058824,2.94117647058824,658
18,3,659
18,3,660
17.9117647058824,2.94117647058824,661
18,3,662
13.7457627118644,3.22033898305085,663
11,3,664
11.5,3,665
9.93650793650794,3.38095238095238,666
16.8983050847458,5.67796610169492,667
19.4102564102564,2.94871794871795,668
16.8372093023256,2.90697674418605,669
11,3.5,670
15.796875,5.8125,671
7.55102040816327,10.0408163265306,672
9.79591836734694,32.2448979591837,673
5.22222222222222,7.22222222222222,674
5.10526315789474,6.63157894736842,675
5.10526315789474,6.63157894736842,676
5.10526315789474,6.63157894736842,677
5.10526315789474,6.63157894736842,678
5.38095238095238,6.3968253968254,679
5.04411764705882,6.01470588235294,680
6,6.5,681
6,6.5,682
6,6.5,683
6.0655737704918,6.52459016393443,684
6,6.5,685
6.08333333333333,6.58333333333333,686
6.08333333333333,6.58333333333333,687
5.90909090909091,6.90909090909091,688
6.01639344262295,6.55737704918033,689
6.08333333333333,6.58333333333333,690
5.87037037037037,6.87037037037037,691
5.90909090909091,6.90909090909091,692
6.01639344262295,6.55737704918033,693
6.01639344262295,6.55737704918033,694
20.9268292682927,3.4390243902439,695
10.5909090909091,3.27272727272727,696
14.1,3.3,697
14.0588235294118,3.35294117647059,698
14.1,3.3,699
14,3.3,700
13.5,3,701
13.6304347826087,3.39130434782609,702
13.6666666666667,3.33333333333333,703
13.5744680851064,3.4468085106383,704
13.6304347826087,3.39130434782609,705
13.5555555555556,3.33333333333333,706
13.5555555555556,3.33333333333333,707
13.5555555555556,3.33333333333333,708
13.5,3,709
13.5,3.39130434782609,710
13.5555555555556,3.33333333333333,711
14,3.5,712
15.9411764705882,3.35294117647059,713
15.0652173913043,3.93478260869565,714
14.5762711864407,3.45762711864407,715
4,5.5,716
5.44186046511628,25.4651162790698,717
9,6.57971014492754,718
9.01428571428571,6.51428571428571,719
8.94117647058824,6.58823529411765,720
8.94117647058824,6.58823529411765,721
8.94117647058824,6.58823529411765,722
10.2,6.75384615384615,723
12.5492957746479,4.95774647887324,724
10.280701754386,6.24561403508772,725
15.8095238095238,5.61904761904762,726
16.0491803278689,5.45901639344262,727
15.8870967741935,5.58064516129032,728
15.9705882352941,5.86764705882353,729
15.9705882352941,5.86764705882353,730
16,5.5,731
15.75,5.75,732
16.1538461538462,5.76923076923077,733
16.2272727272727,5.81818181818182,734
16.2272727272727,5.81818181818182,735
16.1875,5.90625,736
16.2,5.86153846153846,737
16.2,5.86153846153846,738
16.2272727272727,5.81818181818182,739
14.6984126984127,5.31746031746032,740
8.84615384615385,5.15384615384615,741
16,3,742
NaN,NaN,743
NaN,NaN,744
10.5,3,745
6.55737704918033,5.0327868852459,746
15.5396825396825,10.4761904761905,747
14,3.5,748
16.4032258064516,5.08064516129032,749
19.0909090909091,5.09090909090909,750
10.5166666666667,5.01666666666667,751
7.93650793650794,3.38095238095238,752
8.5,4,753
18.0769230769231,3.46153846153846,754
5.18181818181818,14.8181818181818,755
6.09090909090909,17.9090909090909,756
19.5423728813559,15.4237288135593,757
10.953125,8.96875,758
7.84375,5.0625,759
12.8181818181818,6.81818181818182,760
13.0327868852459,6.54098360655738,761
13.0327868852459,6.54098360655738,762
13.0327868852459,6.54098360655738,763
13.0327868852459,6.54098360655738,764
12.9666666666667,6.51666666666667,765
12.9666666666667,6.51666666666667,766
13.0327868852459,6.54098360655738,767
4,9,768
13.0153846153846,8.98461538461538,769
9.59615384615385,6.46153846153846,770
9.02898550724638,5.53623188405797,771
9.08695652173913,5.6231884057971,772
9.05714285714286,5.58571428571429,773
8.97058823529412,5.60294117647059,774
9.02898550724638,5.53623188405797,775
9,5.65217391304348,776
8.98550724637681,5.43478260869565,777
9,5.65217391304348,778
9.02898550724638,5.53623188405797,779
9.01449275362319,5.6231884057971,780
9.01449275362319,5.6231884057971,781
9.02898550724638,5.53623188405797,782
9.02898550724638,5.53623188405797,783
9.02898550724638,5.53623188405797,784
8.97058823529412,5.60294117647059,785
8.97058823529412,5.60294117647059,786
8.97058823529412,5.60294117647059,787
9.01449275362319,5.6231884057971,788
8.98550724637681,5.43478260869565,789
8.95522388059701,5.53731343283582,790
8.97058823529412,5.60294117647059,791
8.6875,5.78125,792
8.62903225806452,5.66129032258065,793
8.65079365079365,5.73015873015873,794
8.62903225806452,5.66129032258065,795
6.09090909090909,6.09090909090909,796
6.98333333333333,6.51666666666667,797
7.05084745762712,6.54237288135593,798
6.98333333333333,6.51666666666667,799
6.98333333333333,6.51666666666667,800
6.98333333333333,6.51666666666667,801
6.98333333333333,6.51666666666667,802
6.9672131147541,6.45901639344262,803
6.8,6.83636363636364,804
6.88135593220339,6.45762711864407,805
6.87037037037037,6.87037037037037,806
6.96610169491525,6.45762711864407,807
7.03333333333333,6.48333333333333,808
7.0655737704918,6.52459016393443,809
7.03333333333333,6.48333333333333,810
6.9672131147541,6.45901639344262,811
7.03333333333333,6.48333333333333,812
7.06153846153846,7.09230769230769,813
6.90566037735849,6.92452830188679,814
18.9117647058824,2.94117647058824,815
15.7647058823529,3.74509803921569,816
12.5,3,817
8.06349206349206,5.88888888888889,818
17.3934426229508,3.86885245901639,819
5,3,820
6,4,821
5.60714285714286,3.32142857142857,822
5,3.5,823
9.46969696969697,4.48484848484848,824
20.6470588235294,4.82352941176471,825
6.11290322580645,3.33870967741935,826
8.41666666666667,4.08333333333333,827
17.5,3,828
NaN,NaN,829
9.5,3,830
8.40322580645161,3.91935483870968,831
9.65151515151515,5.42424242424242,832
19.5,3,833
5.14285714285714,6.6530612244898,834
7.16666666666667,7.33333333333333,835
5.67241379310345,5.13793103448276,836
15.7555555555556,31.2,837
10.4615384615385,5.92307692307692,838
5.55932203389831,6.01694915254237,839
5.55932203389831,6.01694915254237,840
5.5,6,841
5.58620689655172,6.08620689655172,842
5.5,6,843
5.6,6.05,844
5.52542372881356,6.06779661016949,845
5.91666666666667,5.41666666666667,846
4.11538461538461,4.82692307692308,847
17.5,3.39130434782609,848
16.9268292682927,3.4390243902439,849
16.5,3.39130434782609,850
16.0731707317073,3.4390243902439,851
16.5,3.39130434782609,852
16.0731707317073,3.4390243902439,853
16.0731707317073,3.4390243902439,854
16.0731707317073,3.4390243902439,855
16.0731707317073,3.4390243902439,856
16.0731707317073,3.4390243902439,857
16.3695652173913,3.39130434782609,858
16.0588235294118,3.35294117647059,859
10.0666666666667,3.4,860
13.5,3.5,861
12.9230769230769,3.46153846153846,862
13,3.421875,863
12.8870967741935,3.33870967741935,864
12.8870967741935,3.33870967741935,865
13,3.421875,866
8.36363636363636,3.27272727272727,867
10.6666666666667,6.16666666666667,868
16.4102564102564,2.94871794871795,869
11.5,3,870
6.5,3,871
19.4576271186441,8.96610169491525,872
10.734375,16.28125,873
12.5,3.42857142857143,874
14.9166666666667,3.25,875
13.9411764705882,3.35294117647059,876
13.5,3,877
13.5,3,878
14.5,3,879
14,3,880
NaN,NaN,881
12.056338028169,4.46478873239437,882
15,3,883
15,3,884
15,3,885
15,3,886
15,3,887
13.9166666666667,3.25,888
6.5,3.32142857142857,889
6.5,3,890
10.125,3.375,891
6.40740740740741,15.4074074074074,892
3.6,6.1,893
13.9268292682927,3.4390243902439,894
13,3,895
13,3,896
13,3,897
13,3,898
13,3,899
13,3,900
13,3,901
13.5,3,902
14,3,903
3.7,4.8,904
18.5,3,905
13.6923076923077,9.69230769230769,906
15.8732394366197,29.4225352112676,907
13.6724137931034,6.86206896551724,908
17.5614035087719,5.45614035087719,909
14.0434782608696,9.08695652173913,910
17.5,3.39130434782609,911
17.3695652173913,3.39130434782609,912
16.9268292682927,3.4390243902439,913
17.3695652173913,3.39130434782609,914
16.9268292682927,3.4390243902439,915
17.3695652173913,3.39130434782609,916
16.9411764705882,3.35294117647059,917
16.9411764705882,3.35294117647059,918
16.9268292682927,3.4390243902439,919
16.5,3.39130434782609,920
16.5,3.39130434782609,921
16.9411764705882,3.35294117647059,922
16.9411764705882,3.35294117647059,923
16.9268292682927,3.4390243902439,924
16.9268292682927,3.4390243902439,925
16.5,3.39130434782609,926
16.5,3.39130434782609,927
16.9268292682927,3.4390243902439,928
16.5,3.39130434782609,929
16.5,3.39130434782609,930
16.5,3.39130434782609,931
16.4255319148936,3.4468085106383,932
16,3.3,933
16,3.40384615384615,934
12.8095238095238,3.38095238095238,935
17.5,4,936
5.68421052631579,3.36842105263158,937
7.5,3.5,938
16.3636363636364,3.63636363636364,939
17.0754716981132,3.45283018867925,940
17.1,3.4,941
5.88888888888889,14.1111111111111,942
6.609375,6.265625,943
17.5384615384615,18.0769230769231,944
9.04477611940299,7.91044776119403,945
8.12307692307692,6.83076923076923,946
8.16923076923077,6.87692307692308,947
9.43333333333333,5.83333333333333,948
8.10606060606061,6.89393939393939,949
8.10606060606061,6.89393939393939,950
8.10606060606061,6.89393939393939,951
8.21212121212121,6.83333333333333,952
7.7741935483871,6.79032258064516,953
3.57142857142857,3.42857142857143,954
3.625,4.125,955
7.33333333333333,6.16666666666667,956
13.5,4,957
21,4,958
13.5,3.5,959
9.5,3,960
10.125,3.375,961
