x,y,t
14.5,3,1
9.5,2.5,2
4.07317073170732,3.5609756097561,3
20,2.5,4
12.4285714285714,3.42857142857143,5
10.5,2.5,6
17,2.5,7
6.5,4,8
8.5,15.5,9
4.61363636363636,7.59090909090909,10
17.1,3.3,11
10.5862068965517,2.93103448275862,12
8,2.5,13
7,2.5,14
6.6,5.1,15
18,2.5,16
16.5,2.5,17
7.5,2.5,18
10.8235294117647,4.64705882352941,19
14.7551020408163,6.26530612244898,20
16.5,4,21
6.38636363636364,4.40909090909091,22
17,3,23
NaN,NaN,24
8,2.5,25
12.5897435897436,2.94871794871795,26
21,5,27
7.53061224489796,13.0612244897959,28
13.1764705882353,3.64705882352941,29
18,2.5,30
9.07142857142857,2.85714285714286,31
13.5862068965517,2.93103448275862,32
5.61290322580645,2.45161290322581,33
7.5,17.5,34
11.9090909090909,2.95454545454545,35
18.6578947368421,2.89473684210526,36
4.7,2.4,37
20,2.5,38
15,4.5,39
18.5,2.5,40
17,2.5,41
10.5208333333333,3.97916666666667,42
16.3333333333333,3.33333333333333,43
11,2.90697674418605,44
13.3636363636364,3.27272727272727,45
18.5,2.5,46
11.3333333333333,8.33333333333333,47
11.5,3,48
12,3,49
6,2.5,50
8.5,3.5,51
17.5,11.5,52
14.5,3,53
7.6530612244898,4.14285714285714,54
11.4090909090909,3.38636363636364,55
16.375,7.91666666666667,56
14.5,6.5,57
4.11111111111111,2.44444444444444,58
20,2.5,59
4.19230769230769,2.38461538461538,60
19,2.5,61
5.57142857142857,3.42857142857143,62
6,2.5,63
16,2.5,64
3.33333333333333,8.66666666666667,65
11.1086956521739,4.56521739130435,66
NaN,NaN,67
NaN,NaN,68
5.5,2.5,69
19.5,3,70
NaN,NaN,71
20.1666666666667,3.85714285714286,72
9,9.5,73
5,2.5,74
9.12195121951219,2.80487804878049,75
19.75,2.84375,76
11.5,2.5,77
13.5897435897436,2.94871794871795,78
3.57142857142857,8.57142857142857,79
14.3421052631579,2.89473684210526,80
20.5,2.5,81
7.5,2.5,82
18,2.5,83
NaN,NaN,84
8.5,2.5,85
7,2.5,86
19,2.5,87
5,2.5,88
18.1515151515152,2.87878787878788,89
5.55102040816327,12.9591836734694,90
20,2.5,91
12,2.5,92
3,9,93
3,4.5,94
3.625,4.125,95
7.20512820512821,3.33333333333333,96
4.5,2.5,97
17.6666666666667,5.66666666666667,98
5.5,2.5,99
6.5,2.5,100
18.5,2.5,101
8.3469387755102,6.85714285714286,102
17.5,2.5,103
NaN,NaN,104
19.4137931034483,2.93103448275862,105
10.5,2.5,106
5.20512820512821,3.33333333333333,107
5.5,2.5,108
18.5675675675676,2.83783783783784,109
5.5,2.5,110
6.5,2.5,111
14.9090909090909,2.95454545454545,112
5.5,2.5,113
15.9318181818182,8.04545454545454,114
3.5,3,115
16.6304347826087,8.39130434782609,116
3,4,117
15.4444444444444,6.55555555555556,118
16.5,6.5,119
8,2.5,120
10.469387755102,5.93877551020408,121
8.5,2.5,122
11.0512820512821,3.43589743589744,123
4,2.5,124
NaN,NaN,125
3.5,2.5,126
NaN,NaN,127
6.24489795918367,6.73469387755102,128
12.5897435897436,2.94871794871795,129
18,2.5,130
3.42857142857143,3.42857142857143,131
5.5,2.5,132
20.4324324324324,3.97297297297297,133
NaN,NaN,134
8.5,2.5,135
17.5,2.5,136
19.5,2.5,137
13.9090909090909,2.95454545454545,138
8,2.5,139
19,2.5,140
10,7,141
18.5675675675676,2.83783783783784,142
9.5,2.5,143
17,3.5,144
17.6578947368421,2.89473684210526,145
18.2142857142857,2.85714285714286,146
14.5,7,147
18.5714285714286,10.5714285714286,148
NaN,NaN,149
8.93181818181818,4.04545454545455,150
8.5,5,151
14,2.5,152
NaN,NaN,153
11.0909090909091,2.95454545454545,154
18.4,8.1,155
11.6304347826087,3.39130434782609,156
3.5,2.5,157
8.82352941176471,7.35294117647059,158
19,8,159
7.11428571428571,2.45714285714286,160
18,2.5,161
10.2439024390244,2.80487804878049,162
NaN,NaN,163
11.0882352941176,2.94117647058824,164
10.0714285714286,2.85714285714286,165
16,7,166
10.9285714285714,2.85714285714286,167
9.04081632653061,10.5510204081633,168
13.5,4,169
4,6,170
5.5,2.5,171
19.4285714285714,3.42857142857143,172
NaN,NaN,173
12.5,2.89473684210526,174
12.5,2.5,175
20,6,176
5,2,177
20,3,178
17,2.5,179
19.5,3,180
NaN,NaN,181
20,2.5,182
5.5,2.5,183
16.5,2.5,184
4.7,2.4,185
4,20,186
7.75,3.33333333333333,187
13,2.90697674418605,188
14.5,8,189
3.92307692307692,3.46153846153846,190
19,2.5,191
5.5,2.5,192
10.3695652173913,8.39130434782609,193
5.04545454545455,8.06818181818182,194
5.5,6.5,195
13.7027027027027,2.83783783783784,196
10.5862068965517,2.93103448275862,197
11,3,198
3.42857142857143,3.42857142857143,199
4,3.5,200
9,2.5,201
3.42857142857143,3.42857142857143,202
10.6304347826087,2.82608695652174,203
15,2.5,204
18.5,2.5,205
17.5,2.5,206
14.8372093023256,2.90697674418605,207
7,2.5,208
11.0714285714286,4.03571428571429,209
17.5,2.5,210
10.4074074074074,4.40740740740741,211
5,2,212
18.5,2.5,213
17.5,2.5,214
NaN,NaN,215
18,2.5,216
4.54901960784314,8.05882352941176,217
20.5,5,218
15.0454545454545,3.93181818181818,219
7.5,2.5,220
19,2.5,221
5,2.5,222
NaN,NaN,223
9.5,10,224
NaN,NaN,225
14.0909090909091,2.95454545454545,226
12.0882352941176,2.94117647058824,227
10.0714285714286,2.85714285714286,228
10.5,2.91666666666667,229
19.5,2.5,230
10.1627906976744,2.90697674418605,231
13,2.5,232
12.5897435897436,2.94871794871795,233
14.2051282051282,3.33333333333333,234
5.61290322580645,2.45161290322581,235
17.5,2.5,236
14.5581395348837,7.46511627906977,237
4.7,2.4,238
16,4,239
5.56410256410256,24.0512820512821,240
3.42424242424242,3.45454545454545,241
3.56410256410256,4.05128205128205,242
3.42857142857143,3.42857142857143,243
3.35294117647059,3.38235294117647,244
3.35294117647059,3.38235294117647,245
6,2.5,246
NaN,NaN,247
13.9090909090909,2.95454545454545,248
5.60869565217391,2.43478260869565,249
8.375,3.875,250
19,2.5,251
15.9285714285714,2.85714285714286,252
8,2.5,253
3.58620689655172,2.93103448275862,254
18.5,2.5,255
18.5,7,256
8.33333333333333,7.33333333333333,257
4.92682926829268,4.4390243902439,258
21,3,259
3.5,3,260
20.3333333333333,9.66666666666667,261
6.47058823529412,9.05882352941176,262
18.5,6,263
17.5,8,264
4.5,2.5,265
3.41379310344828,2.93103448275862,266
4.08823529411765,2.94117647058824,267
10.3333333333333,3.33333333333333,268
12.188679245283,5.16981132075472,269
NaN,NaN,270
8.58333333333333,3.89583333333333,271
8.43589743589744,3.94871794871795,272
9,2.5,273
8.5,3,274
4.60869565217391,2.43478260869565,275
14.9285714285714,2.85714285714286,276
19,2.5,277
NaN,NaN,278
3.41379310344828,2.93103448275862,279
19.5,8,280
3,3,281
NaN,NaN,282
5,5.5,283
19.5,3,284
3.66666666666667,4.33333333333333,285
19.4285714285714,3.42857142857143,286
10.9117647058824,2.94117647058824,287
13.0909090909091,2.95454545454545,288
9,2.5,289
NaN,NaN,290
18.5,2.5,291
8.12195121951219,2.80487804878049,292
10.9090909090909,2.95454545454545,293
17,2.5,294
10.6578947368421,2.89473684210526,295
4,5.5,296
3.5,2.5,297
19,3,298
19,3,299
18.0882352941176,2.94117647058824,300
10.5897435897436,2.94871794871795,301
15.8372093023256,2.90697674418605,302
21,7.5,303
6.5,2.5,304
21,5,305
9.66666666666667,4.33333333333333,306
19,2.5,307
19.8181818181818,2.90909090909091,308
4.5,2.5,309
8.95918367346939,13.5510204081633,310
9.09090909090909,2.95454545454545,311
13.9245283018868,4.90566037735849,312
3.5,2,313
3.5,2.5,314
3.42857142857143,3.42857142857143,315
4,4,316
12.5,2.5,317
4.65789473684211,2.89473684210526,318
4.61290322580645,2.45161290322581,319
5,4.5,320
16.9487179487179,5.56410256410256,321
4.19230769230769,2.38461538461538,322
6,6.5,323
14.4102564102564,2.94871794871795,324
13.0909090909091,2.95454545454545,325
19.5,2.5,326
10.6304347826087,2.82608695652174,327
6.4468085106383,5.97872340425532,328
9.89583333333333,4.41666666666667,329
NaN,NaN,330
19.5,9,331
5.61290322580645,2.45161290322581,332
4.19230769230769,2.38461538461538,333
16.9,7.6,334
15.3636363636364,3.29545454545455,335
8.33333333333333,6.33333333333333,336
19,2.5,337
7.66666666666667,19.3333333333333,338
15.5714285714286,5.42857142857143,339
21,5,340
NaN,NaN,341
NaN,NaN,342
21,5,343
21,5,344
7.09090909090909,2.95454545454545,345
13.0909090909091,2.95454545454545,346
NaN,NaN,347
17,3.5,348
3,5.5,349
15.1428571428571,4.3469387755102,350
3,3,351
17.5,2.5,352
19.3870967741935,2.45161290322581,353
8,2.5,354
21.5,2,355
20.5,8,356
3.5,2.5,357
14.5,15,358
15.5,5,359
14.5,3,360
14.2142857142857,2.85714285714286,361
13.7027027027027,2.83783783783784,362
12.5,2.5,363
10.5675675675676,2.83783783783784,364
9.5,2.5,365
9,2.5,366
12.0882352941176,2.94117647058824,367
6.5,2.5,368
16.5,2.5,369
8.90909090909091,2.95454545454545,370
6,7.5,371
12.5,2.5,372
13.5,2.5,373
12.4324324324324,2.83783783783784,374
11.5,3,375
6.5,2.5,376
13,2.5,377
12.0909090909091,2.95454545454545,378
3.41379310344828,2.93103448275862,379
7,2.5,380
19.8409090909091,4.15909090909091,381
6.11428571428571,2.45714285714286,382
4.5,2.5,383
10.5510204081633,8.04081632653061,384
NaN,NaN,385
18.5,2.5,386
4,4.5,387
8.92857142857143,14.0357142857143,388
NaN,NaN,389
11.1666666666667,4.11111111111111,390
14.3529411764706,3.38235294117647,391
12.5,2.5,392
3.5,2,393
16.4090909090909,4.38636363636364,394
12.1,3.3,395
14.469387755102,7.06122448979592,396
19,2.87878787878788,397
6.7027027027027,2.83783783783784,398
4.8780487804878,2.80487804878049,399
5,2,400
4,2,401
4,2,402
5.5,2.5,403
12.0909090909091,2.95454545454545,404
17,2.5,405
6.5,2.5,406
17.5,2.5,407
20,2.5,408
11.5,2.91666666666667,409
18.6470588235294,3.38235294117647,410
4,2,411
13.8235294117647,3.35294117647059,412
13.5,3.5,413
16.3333333333333,9.33333333333333,414
6.5,2.5,415
14.5,5.5,416
7.5,6.5,417
3.43589743589744,3.94871794871795,418
3.57142857142857,9.42857142857143,419
15.5,2.5,420
13.6530612244898,6.14285714285714,421
8.2972972972973,2.83783783783784,422
15,4,423
16.5,2.5,424
6.5,2.5,425
19,3.5,426
8.33333333333333,15.3333333333333,427
12.5555555555556,6.66666666666667,428
13,7,429
13,7,430
13,7,431
14,7,432
14.5,6.5,433
7,2.5,434
7.5,2.5,435
14.5,2.91666666666667,436
5.60869565217391,2.43478260869565,437
17.5,2.5,438
12,2.90697674418605,439
13.8372093023256,2.90697674418605,440
19,2.5,441
6.5,2.5,442
3,3,443
5.5,7,444
21,5.5,445
5,2.5,446
5,2,447
18,2.87878787878788,448
4.7,2.4,449
8.38636363636364,20.5909090909091,450
9.16666666666667,3.85714285714286,451
12.5,2.89473684210526,452
12.5675675675676,2.83783783783784,453
12.5,2.89473684210526,454
12.5,3,455
12.5897435897436,2.94871794871795,456
12.5,2.89473684210526,457
13,2.90697674418605,458
13,2.90697674418605,459
13.4102564102564,2.94871794871795,460
17.6578947368421,2.89473684210526,461
13.0625,5.60416666666667,462
8.07142857142857,2.85714285714286,463
12,3,464
19.5,3,465
20,2.5,466
10,2.5,467
11.0714285714286,2.85714285714286,468
20,3,469
11.4074074074074,8.59259259259259,470
12,4.5,471
6.38636363636364,20.5909090909091,472
5,13.5,473
5,12,474
7.06818181818182,7.04545454545455,475
7,5.5,476
11,4.5,477
11,4.5,478
11,4.5,479
11,4.5,480
11,4.5,481
11,4.5,482
10.9,4.7,483
17.5,6.5,484
6.14285714285714,7.6530612244898,485
4.625,4.875,486
4.625,4.875,487
4.625,4.875,488
4.625,4.875,489
4.625,4.875,490
4.625,4.875,491
4.625,4.875,492
4.625,4.875,493
4.22222222222222,4.77777777777778,494
4.22222222222222,4.77777777777778,495
4.15909090909091,4.84090909090909,496
4.15909090909091,4.84090909090909,497
4.15909090909091,4.84090909090909,498
4.15909090909091,4.84090909090909,499
4.22222222222222,4.77777777777778,500
4.22222222222222,4.77777777777778,501
4.22222222222222,4.77777777777778,502
4.22222222222222,4.77777777777778,503
4.625,4.875,504
3.5,3,505
9.18604651162791,3.25581395348837,506
NaN,NaN,507
14.125,3.375,508
13.0882352941176,2.94117647058824,509
7.5,2.5,510
3.5,5.5,511
11.5,3,512
21,3,513
3.42857142857143,5.57142857142857,514
15.9375,6.60416666666667,515
NaN,NaN,516
4.11111111111111,2.44444444444444,517
4.5,2.5,518
4.5,2.5,519
5,5,520
13.5,12,521
5.61290322580645,2.45161290322581,522
19.4489795918367,6.95918367346939,523
3,4.5,524
14.875,7.375,525
13,20,526
20,30.5,527
17.7,25.9,528
18.5531914893617,20.4255319148936,529
18.4468085106383,12.0212765957447,530
18.3958333333333,12.0625,531
18.3863636363636,9.59090909090909,532
18.4444444444444,9.44444444444444,533
18.5531914893617,9.57446808510638,534
18.5531914893617,9.57446808510638,535
18.4444444444444,9.44444444444444,536
18.3333333333333,9.33333333333333,537
18.375,9.875,538
18,9.5,539
18.375,9.875,540
18.375,9.875,541
18.5,10,542
18.5555555555556,8.44444444444444,543
14.4285714285714,7.04081632653061,544
7.875,3.375,545
9.5,5,546
6.08823529411765,2.94117647058824,547
6.08823529411765,2.94117647058824,548
6.08823529411765,2.94117647058824,549
6.08823529411765,2.94117647058824,550
5.5,3,551
5.41379310344828,2.93103448275862,552
5.41379310344828,2.93103448275862,553
5,3,554
7.5,3,555
9.5,3,556
7.5,2.5,557
12.8,3.3,558
7.66666666666667,3.33333333333333,559
NaN,NaN,560
13.1219512195122,2.80487804878049,561
6.11428571428571,2.45714285714286,562
14.5,2.89473684210526,563
18,2.5,564
6.5,2.5,565
12.5,3,566
18,2.5,567
20,2.5,568
17.5897435897436,2.94871794871795,569
6.2972972972973,2.83783783783784,570
19,2.5,571
8.91666666666667,6.625,572
12,23.5,573
5.57142857142857,33.4285714285714,574
13.5,29,575
19.0731707317073,30.5609756097561,576
17.6086956521739,21.3695652173913,577
19.3333333333333,8.33333333333333,578
19,8,579
16.4489795918367,4.04081632653061,580
16.4166666666667,4.10416666666667,581
16.3469387755102,4.14285714285714,582
15.9056603773585,4.07547169811321,583
16.3,4.2,584
15.5,3.5,585
10.3333333333333,3.33333333333333,586
9.63636363636364,3.29545454545455,587
9.08823529411765,2.94117647058824,588
9.16279069767442,2.90697674418605,589
13.5,3,590
10.5,3,591
10.9117647058824,2.94117647058824,592
10.9117647058824,2.94117647058824,593
10,3,594
16.5,2.5,595
16.5,2.5,596
16,2.5,597
16.5,2.5,598
17,2.5,599
17,2.5,600
17,2.5,601
17,2.5,602
16.5,2.5,603
16.5,2.5,604
17,2.5,605
17,2.5,606
17,2.5,607
17,2.5,608
17,2.5,609
17,2.5,610
15.5,3,611
10.5,3,612
8.33333333333333,2.91666666666667,613
17.5,2.5,614
3.5,4,615
11.875,3.375,616
18.4137931034483,2.93103448275862,617
20,2.5,618
13.8163265306122,3.26530612244898,619
12.9,3.3,620
13,3,621
12.9,3.3,622
13,3,623
12.9090909090909,2.95454545454545,624
12.9090909090909,2.95454545454545,625
12.9,3.3,626
13,3,627
12.9,3.3,628
12.9090909090909,2.95454545454545,629
12.9090909090909,2.95454545454545,630
13,3,631
13,3,632
12.9090909090909,2.95454545454545,633
13,3,634
12.9090909090909,2.95454545454545,635
12.9090909090909,2.95454545454545,636
12.9090909090909,2.95454545454545,637
12.4444444444444,3.44444444444444,638
7,3,639
11.3421052631579,2.89473684210526,640
3.5,2,641
14.4102564102564,2.94871794871795,642
3.5,7,643
12.1,8.6,644
16.9591836734694,4.55102040816327,645
16,2.5,646
5.55555555555556,6.55555555555556,647
19.5641025641026,6.94871794871795,648
11.6666666666667,7.66666666666667,649
6.40740740740741,4.40740740740741,650
19.0512820512821,4.43589743589744,651
16,2.5,652
4,2.5,653
10.5,3,654
9.375,3.875,655
NaN,NaN,656
16.3421052631579,2.89473684210526,657
NaN,NaN,658
11,2.90697674418605,659
10.6470588235294,3.38235294117647,660
19,14,661
12.5,3,662
12,3,663
12,3,664
11.5897435897436,2.94871794871795,665
16.4324324324324,2.83783783783784,666
9.95744680851064,8.5531914893617,667
7.06122448979592,10.530612244898,668
20,5.5,669
7.5,2.5,670
6.84848484848485,2.87878787878788,671
6,2.5,672
6.5,2.5,673
16.5,3,674
NaN,NaN,675
10.1764705882353,18.6470588235294,676
14.8235294117647,33.3529411764706,677
16.5,17,678
17.9545454545455,3.93181818181818,679
19.4285714285714,4.42857142857143,680
19.4285714285714,4.57142857142857,681
19.5,5,682
20.5,5,683
20,5,684
20,5,685
20,5,686
20,5,687
20,5,688
20,5,689
20,5,690
20,5,691
19.5,5,692
6.5,2.5,693
14.5,3,694
18.1627906976744,2.90697674418605,695
15.25,3.29545454545455,696
5.61290322580645,2.45161290322581,697
6.65789473684211,2.89473684210526,698
6.58974358974359,2.94871794871795,699
6.5,3,700
7,2.5,701
8.2051282051282,3.33333333333333,702
8,3.5,703
8,3.5,704
6,3,705
7.20512820512821,3.33333333333333,706
7.15,3.4,707
8.28888888888889,3.35555555555556,708
8.36363636363636,3.29545454545455,709
8.25,3.29545454545455,710
8.90909090909091,2.95454545454545,711
8.42857142857143,3.42857142857143,712
10,3,713
10.0731707317073,3.4390243902439,714
8.81632653061224,3.26530612244898,715
8.90909090909091,2.95454545454545,716
15,2.5,717
8.56756756756757,2.83783783783784,718
18.1515151515152,2.87878787878788,719
5.5,2.5,720
9.94871794871795,3.43589743589744,721
21,5.5,722
8.55102040816327,10.9591836734694,723
21,10.5,724
16.093023255814,3.88372093023256,725
5.5,2.5,726
3.61363636363636,14.5909090909091,727
20.5,15,728
21,9,729
20.5,7,730
21,6.5,731
21,5.5,732
21,5,733
21,5.5,734
21,5.5,735
21,5.5,736
12.5,3,737
5,3,738
18.5,2.89473684210526,739
8,2.5,740
6.55102040816327,26.9591836734694,741
14.5581395348837,14.5348837209302,742
15.3333333333333,10.3333333333333,743
17.5581395348837,5.53488372093023,744
16,5.5,745
9,3,746
9.57142857142857,3.42857142857143,747
9.57142857142857,3.42857142857143,748
10,3.375,749
10,3.375,750
10,3.375,751
11,3,752
11,3.375,753
11.0731707317073,3.4390243902439,754
11,3.375,755
11.0731707317073,3.4390243902439,756
11,3,757
9,3,758
9.91176470588235,2.94117647058824,759
9.91176470588235,2.94117647058824,760
9.5,2.89473684210526,761
13.2,3.3,762
7.44444444444444,4.44444444444444,763
17,3,764
17.1515151515152,2.87878787878788,765
17,2.5,766
16.5,2.5,767
16.5,2.5,768
17,2.5,769
16.5,2.5,770
17,2.5,771
16.5,2.5,772
17,2.5,773
17,2.5,774
17,2.5,775
17.1515151515152,2.87878787878788,776
17,2.5,777
16.4137931034483,2.93103448275862,778
16.5,2.5,779
16.4137931034483,2.93103448275862,780
16.4137931034483,2.93103448275862,781
16.5,2.5,782
16.5,2.5,783
16.5,2.5,784
16.5,2.5,785
16.5,2.5,786
16.4137931034483,2.93103448275862,787
17,3,788
16.5,2.5,789
16.5,2.5,790
16.4137931034483,2.93103448275862,791
16.5,2.5,792
16.5,2.5,793
16.4137931034483,2.93103448275862,794
16.5,2.5,795
16.5,2.5,796
16.4137931034483,2.93103448275862,797
15.9117647058824,2.94117647058824,798
6.89583333333333,4.58333333333333,799
21,3,800
10.9591836734694,3.44897959183673,801
11.4444444444444,3.55555555555556,802
NaN,NaN,803
11,2.90697674418605,804
13.3333333333333,8.66666666666667,805
20.5,9.5,806
7.53061224489796,4.04081632653061,807
16.4102564102564,2.94871794871795,808
17,18.5,809
12,5.5,810
6.11111111111111,2.44444444444444,811
19.4102564102564,2.94871794871795,812
4.7,2.4,813
4.5,24.5,814
14.8409090909091,10.8409090909091,815
14.5714285714286,10.5714285714286,816
12.5,9,817
8.71698113207547,4.28301886792453,818
11.6530612244898,7.14285714285714,819
15.469387755102,3.93877551020408,820
17.5555555555556,3.33333333333333,821
17.125,3.375,822
16.5,3,823
18.9090909090909,2.95454545454545,824
11.4102564102564,2.94871794871795,825
17.6666666666667,2.77777777777778,826
NaN,NaN,827
7.41025641025641,2.94871794871795,828
19,2.5,829
7.58974358974359,2.94871794871795,830
18.5862068965517,2.93103448275862,831
5.07317073170732,6.4390243902439,832
8,3,833
16.5,2.5,834
16.5,2.5,835
16.5,2.5,836
16.5,2.5,837
16.5,2.5,838
11,3,839
NaN,NaN,840
9.5,4.5,841
18,2.5,842
19.5,2.5,843
7.16279069767442,2.90697674418605,844
4.7,2.4,845
16.5,12.5,846
4.93877551020408,7.53061224489796,847
5.5,31.5,848
14,10.5,849
15.3863636363636,6.40909090909091,850
15.3333333333333,5.66666666666667,851
14.9487179487179,5.56410256410256,852
17.2051282051282,3.33333333333333,853
17.2051282051282,3.33333333333333,854
11,3,855
17.5,3,856
17.5,3,857
17.5,3,858
17.6578947368421,2.89473684210526,859
17.5,3,860
17.5,3,861
17.5,3,862
17.5,3,863
17.6578947368421,2.89473684210526,864
9,3,865
18.1515151515152,2.87878787878788,866
6.79487179487179,3.33333333333333,867
20,6,868
10.4081632653061,2.95918367346939,869
17.6304347826087,8.39130434782609,870
3.42857142857143,3.42857142857143,871
4.44444444444444,4.55555555555556,872
4.43589743589744,27.0512820512821,873
16.4,11.9,874
16.5,4.5,875
10.75,3.29545454545455,876
14.5,2.89473684210526,877
14.5897435897436,2.94871794871795,878
14.4324324324324,2.83783783783784,879
14.5,2.89473684210526,880
14.4324324324324,2.83783783783784,881
14.5,3,882
14.5,2.89473684210526,883
14.5897435897436,2.94871794871795,884
14.5,2.89473684210526,885
14.5,2.89473684210526,886
14.5,2.89473684210526,887
14.5897435897436,2.94871794871795,888
14.5,2.89473684210526,889
14.5897435897436,2.94871794871795,890
14.5897435897436,2.94871794871795,891
14.5,2.89473684210526,892
14.5,3,893
14.5,3,894
13,3,895
17.8372093023256,2.90697674418605,896
16.4137931034483,2.93103448275862,897
13,3,898
6.65789473684211,2.89473684210526,899
11,23,900
17.9777777777778,30.0222222222222,901
14.6666666666667,7.33333333333333,902
14.875,3.375,903
14.875,3.375,904
15.25,3.29545454545455,905
14.6666666666667,3.33333333333333,906
15.5,3.5,907
15.5555555555556,3.44444444444444,908
15.5555555555556,3.44444444444444,909
15.5555555555556,3.44444444444444,910
15.5555555555556,3.44444444444444,911
15.5,3.5,912
15.5555555555556,3.44444444444444,913
15.5,3.5,914
15.5,3.5,915
15.5,3.5,916
15.5,3.5,917
15.5,3.5,918
15.5555555555556,3.44444444444444,919
15.5,3.5,920
15.5,3.5,921
15.5,3.5,922
15.5,3.5,923
15.5,3,924
9.9,3.3,925
9.5,3,926
10.6304347826087,3.39130434782609,927
15.4102564102564,2.94871794871795,928
NaN,NaN,929
5.18604651162791,3.25581395348837,930
13.8235294117647,6.35294117647059,931
18.5,2.5,932
6,2.5,933
17.5,5.5,934
15.3333333333333,13.3333333333333,935
9.58139534883721,3.46511627906977,936
8.40909090909091,3.38636363636364,937
14,3,938
4.61290322580645,2.45161290322581,939
13.5,3,940
17.5,3,941
13.1764705882353,3.35294117647059,942
NaN,NaN,943
19.5,3,944
NaN,NaN,945
18.4444444444444,14.5555555555556,946
6.5,24.5,947
7.04081632653061,4.44897959183673,948
6.5,8.39130434782609,949
4.7,4.8,950
15.5,6,951
15.5,2.5,952
9,3,953
13.26,3.32,954
17.7027027027027,2.83783783783784,955
18.6578947368421,2.89473684210526,956
18.6578947368421,2.89473684210526,957
18.6578947368421,2.89473684210526,958
18.6578947368421,2.89473684210526,959
18.6578947368421,2.89473684210526,960
18.6578947368421,2.89473684210526,961
