x,y,t
15,4.5,1
4.5,3,2
4.5,3,3
17.5,3,4
14,4,5
13,5,6
5,4.5,7
11.5,3.5,8
11.5833333333333,3.89583333333333,9
14.4081632653061,2.95918367346939,10
18.8372093023256,2.90697674418605,11
14.875,3.375,12
14.4285714285714,3.42857142857143,13
14,3.375,14
14,3.375,15
14,3.375,16
11,5,17
4.5,3,18
4.5,3,19
7.5,3,20
15.4090909090909,3.38636363636364,21
5.94117647058824,3.54901960784314,22
8.57142857142857,4.42857142857143,23
8.57142857142857,3.57142857142857,24
13,3,25
13,3,26
13.5,3,27
13.5,3,28
13.5,3,29
13,3,30
13.125,3.375,31
6.3695652173913,4.39130434782609,32
9.1,3.3,33
10,5.5,34
14,3,35
10.5,3,36
17.5,3,37
20.4,5.9,38
10.1481481481481,11.8703703703704,39
10.0454545454545,3.93181818181818,40
9.57142857142857,3.57142857142857,41
14.8490566037736,8.81132075471698,42
20.6136363636364,4.40909090909091,43
9.35294117647059,14.1764705882353,44
9,31,45
11.6666666666667,6.66666666666667,46
10.8723404255319,6.34042553191489,47
10.8913043478261,6.43478260869565,48
11,6,49
17.4081632653061,2.95918367346939,50
17.4081632653061,2.95918367346939,51
13,4,52
13,4,53
12.8888888888889,3.88888888888889,54
14.4285714285714,3.42857142857143,55
4.5531914893617,7.97872340425532,56
9,9.5,57
9,9.5,58
9,9.5,59
16,5,60
15.9268292682927,5.4390243902439,61
15.875,5.375,62
15.9487179487179,5.43589743589744,63
15.9487179487179,5.43589743589744,64
17.5,6,65
19.0731707317073,5.5609756097561,66
19.0731707317073,5.5609756097561,67
19.0731707317073,5.5609756097561,68
19.0731707317073,5.5609756097561,69
19,5.5,70
19.0731707317073,5.5609756097561,71
19.9117647058824,2.94117647058824,72
19.9117647058824,2.94117647058824,73
20.4137931034483,2.93103448275862,74
15.9787234042553,3.4468085106383,75
16.5652173913043,4.10869565217391,76
13.5,3.5,77
8.92452830188679,3.45283018867925,78
14.5,3.5,79
14.5,3.5,80
14.5,3.5,81
14.5,3.5,82
14.5,3.5,83
14.5,3.5,84
14.5,3.5,85
14.5,3.5,86
14.5,3.5,87
17.2,3.3,88
17.625,7.125,89
17.5641025641026,7.05128205128205,90
13.1764705882353,5.35294117647059,91
7,8,92
14.4406779661017,5.03389830508475,93
18,7,94
6,3,95
10.5,15.5,96
16.5,3,97
8.5,4,98
9,3.5,99
7.9375,4.39583333333333,100
7.97872340425532,4.4468085106383,101
7.9375,4.39583333333333,102
7.9375,4.39583333333333,103
7.9375,4.39583333333333,104
7.9375,4.39583333333333,105
7.9375,4.39583333333333,106
7.9375,4.39583333333333,107
7.9375,4.39583333333333,108
7.97872340425532,4.4468085106383,109
7.9375,4.39583333333333,110
7.9375,4.39583333333333,111
7.9375,4.39583333333333,112
8.13207547169811,4.07547169811321,113
8.13207547169811,4.07547169811321,114
9.125,3.625,115
8.13207547169811,4.07547169811321,116
8.13207547169811,4.07547169811321,117
8.13207547169811,4.07547169811321,118
8.13207547169811,4.07547169811321,119
8.13207547169811,4.07547169811321,120
9.125,3.625,121
9.125,3.625,122
8.13207547169811,4.07547169811321,123
8.13207547169811,4.07547169811321,124
9.125,3.625,125
9.125,3.625,126
9.125,3.625,127
8.13207547169811,4.07547169811321,128
9.125,3.625,129
8.13207547169811,4.07547169811321,130
8.13207547169811,4.07547169811321,131
8.13207547169811,4.07547169811321,132
7.58823529411765,4.50980392156863,133
7.58823529411765,4.50980392156863,134
9,4,135
9,4,136
8.94871794871795,4.43589743589744,137
8.94871794871795,4.43589743589744,138
8.94871794871795,4.43589743589744,139
8.94871794871795,4.43589743589744,140
8.5,4.5,141
8.94871794871795,4.43589743589744,142
8.5,4.5,143
8.5,4.5,144
8.94871794871795,4.43589743589744,145
8.5,4.5,146
8.5,4.5,147
8.5,4.5,148
8.5,4.5,149
8.5,4.5,150
8.5,4.5,151
8.94871794871795,4.43589743589744,152
8.5,4.5,153
8.56410256410256,4.05128205128205,154
8.56410256410256,4.05128205128205,155
8.56410256410256,4.05128205128205,156
8.56410256410256,4.05128205128205,157
8.56410256410256,4.05128205128205,158
8.56410256410256,4.05128205128205,159
8.56410256410256,4.05128205128205,160
8.56410256410256,4.05128205128205,161
8.56410256410256,4.05128205128205,162
8.56410256410256,4.05128205128205,163
8.56410256410256,4.05128205128205,164
8.56410256410256,4.05128205128205,165
8.56410256410256,4.05128205128205,166
8.56410256410256,4.05128205128205,167
8.56410256410256,4.05128205128205,168
8.56410256410256,4.05128205128205,169
8.5,4.5,170
8.5,4.5,171
8.5,4.5,172
8.5,4.5,173
8.5,4.5,174
8.5,4.5,175
8.5,4.5,176
8.5,4.5,177
8.5,4.5,178
8.5,4.5,179
8.5,4.5,180
8.5,4.5,181
8.5,4.5,182
8.5,4.5,183
8.5,4.5,184
8.5,4.5,185
8.5,4.5,186
9.375,3.875,187
7,6,188
8.5,3,189
20,5,190
5.5,4.5,191
8.93181818181818,7.95454545454545,192
18,5.5,193
15,3,194
15,3,195
9,3.5,196
6.5,3,197
6.5,5,198
20.5,8.5,199
20.5714285714286,4.57142857142857,200
14.5,3,201
5.42857142857143,6.57142857142857,202
19.0588235294118,5.54901960784314,203
5.5,3.5,204
10.5,4,205
19,3,206
9.15094339622642,11.811320754717,207
6.5,8,208
6.57142857142857,3.42857142857143,209
18,3,210
18,3,211
18.3863636363636,17.5909090909091,212
11.875,10.625,213
9.05128205128205,5.43589743589744,214
9.5,5,215
8.90697674418605,5.88372093023256,216
9.5,5,217
8.90697674418605,5.88372093023256,218
8.90697674418605,5.88372093023256,219
8.40816326530612,6.3469387755102,220
15.8,3.3,221
4.5,3,222
21,10.5,223
7.33333333333333,4.33333333333333,224
7.875,3.94642857142857,225
12.0625,5.39583333333333,226
12.0625,5.39583333333333,227
12.0625,5.39583333333333,228
12.0625,5.39583333333333,229
12.0625,5.39583333333333,230
12.0625,5.39583333333333,231
12.0625,5.39583333333333,232
12.0625,5.39583333333333,233
12.0625,5.39583333333333,234
12.0625,5.39583333333333,235
12.0625,5.39583333333333,236
12.0625,5.39583333333333,237
12.0625,5.39583333333333,238
12.0625,5.39583333333333,239
12.0625,5.39583333333333,240
12.0625,5.39583333333333,241
12.0625,5.39583333333333,242
12.0625,5.39583333333333,243
12.0625,5.39583333333333,244
12.0625,5.39583333333333,245
12.0625,5.39583333333333,246
12.0625,5.39583333333333,247
12.0625,5.39583333333333,248
12.0625,5.39583333333333,249
12.0625,5.39583333333333,250
12.0625,5.39583333333333,251
12.0625,5.39583333333333,252
12.0625,5.39583333333333,253
12.0625,5.39583333333333,254
12.0625,5.39583333333333,255
12.0625,5.39583333333333,256
12.0625,5.39583333333333,257
12.0625,5.39583333333333,258
12.0625,5.39583333333333,259
12.0625,5.39583333333333,260
12.0625,5.39583333333333,261
12.0625,5.39583333333333,262
12.0625,5.39583333333333,263
12.0625,5.39583333333333,264
12.0625,5.39583333333333,265
11,5.5,266
10,6,267
10,5.5,268
10,5.5,269
10,5.5,270
9.56410256410256,6.05128205128205,271
10,5.5,272
8.40816326530612,6.3469387755102,273
9,6,274
8.50980392156863,6.58823529411765,275
10,5,276
9,6.5,277
9.12765957446809,6.65957446808511,278
9.09302325581395,7.11627906976744,279
9.09302325581395,7.11627906976744,280
8.88372093023256,6.90697674418605,281
8.88372093023256,6.90697674418605,282
9,6.5,283
9.05128205128205,6.56410256410256,284
9,6.5,285
9,6,286
9,6.5,287
10,6,288
8.57142857142857,5.57142857142857,289
8.5,5,290
9.125,5.625,291
9,6,292
9,6,293
8.92682926829268,5.5609756097561,294
8,6,295
7,5,296
7,5,297
7,5,298
10,6,299
10,6,300
10,6.5,301
10,6.5,302
10,6,303
8,6,304
6,5,305
8,5.5,306
8,5.5,307
8,6,308
8.5,5.5,309
8,6,310
8,6,311
10,7,312
10,6,313
10,6.5,314
10,7.5,315
10,6,316
10,6.5,317
10,6.5,318
10,6.5,319
10,6.5,320
10.4418604651163,6.46511627906977,321
10.4418604651163,6.46511627906977,322
10.4418604651163,6.46511627906977,323
10.4418604651163,6.46511627906977,324
10.0833333333333,6.625,325
NaN,NaN,326
NaN,NaN,327
9.95454545454546,5.93181818181818,328
9.91666666666667,6.375,329
10,5,330
9.5,5,331
10,6.5,332
10,5,333
10,5,334
9.90697674418605,5.88372093023256,335
9.90697674418605,5.88372093023256,336
9.90697674418605,5.88372093023256,337
9.90697674418605,5.88372093023256,338
9.90697674418605,5.88372093023256,339
9.90697674418605,5.88372093023256,340
9.90697674418605,5.88372093023256,341
9.90697674418605,5.88372093023256,342
10,6,343
10.375,5.875,344
9.90697674418605,5.88372093023256,345
9.90697674418605,5.88372093023256,346
9.90697674418605,5.88372093023256,347
10,6,348
9.90697674418605,5.88372093023256,349
9.90697674418605,5.88372093023256,350
10,6,351
10,6,352
9.90697674418605,5.88372093023256,353
9.90697674418605,5.88372093023256,354
10,6,355
10,6,356
10,6,357
10,6,358
10,6,359
10,6,360
9.90697674418605,5.88372093023256,361
10,6,362
9.90697674418605,5.88372093023256,363
10,6,364
10,6,365
10,6,366
9.625,6.125,367
10,6,368
10.093023255814,6.11627906976744,369
10.5,6,370
10.093023255814,6.11627906976744,371
10.093023255814,6.11627906976744,372
10.093023255814,6.11627906976744,373
10.5,6,374
10.5,6,375
10.5,6,376
10.093023255814,6.11627906976744,377
10.5,6,378
10.093023255814,6.11627906976744,379
10.093023255814,6.11627906976744,380
10.5,6,381
10.5,6,382
10.093023255814,6.11627906976744,383
10.5,6,384
10.5,6,385
10.5,6,386
10.5,6,387
10.5,6,388
10.5,6,389
10.5,6,390
10.5,6,391
10.5,6,392
10.5,6,393
10.5,6,394
9.66666666666667,6.66666666666667,395
10.8913043478261,6.43478260869565,396
10.8913043478261,6.43478260869565,397
10.8913043478261,6.43478260869565,398
10.8913043478261,6.43478260869565,399
10.8913043478261,6.43478260869565,400
10.8913043478261,6.43478260869565,401
10.8913043478261,6.43478260869565,402
10.8913043478261,6.43478260869565,403
10.8913043478261,6.43478260869565,404
10.8913043478261,6.43478260869565,405
10.8913043478261,6.43478260869565,406
10.8913043478261,6.43478260869565,407
10.8913043478261,6.43478260869565,408
10.8913043478261,6.43478260869565,409
10.8913043478261,6.43478260869565,410
10.8913043478261,6.43478260869565,411
10.8913043478261,6.43478260869565,412
10.8913043478261,6.43478260869565,413
10.8913043478261,6.43478260869565,414
10.8913043478261,6.43478260869565,415
10.8913043478261,6.43478260869565,416
10.8913043478261,6.43478260869565,417
10.8913043478261,6.43478260869565,418
10.8913043478261,6.43478260869565,419
10.8913043478261,6.43478260869565,420
10.8913043478261,6.43478260869565,421
10.8913043478261,6.43478260869565,422
10.8913043478261,6.43478260869565,423
12.5,3,424
14,4,425
19.5,5.5,426
9,4,427
14,9,428
17.2,3.3,429
9,4.5,430
16,3.375,431
10.7017543859649,12.8070175438596,432
6,11,433
21,8,434
11,6,435
5.5,4.5,436
9,5,437
16.375,3.875,438
19,3,439
4.5,8.5,440
5,4,441
20.5714285714286,4.42857142857143,442
5,9.5,443
8.5,7.5,444
8.65957446808511,7.12765957446809,445
8.92682926829268,3.4390243902439,446
4.33333333333333,7.66666666666667,447
14,6,448
18.3333333333333,7.33333333333333,449
6,7,450
15,3,451
19.5,3,452
4,3.5,453
18.5,3,454
13,4.5,455
16.5,3,456
17.5,7,457
7,17.5,458
18.3,13.2,459
20.5714285714286,4.57142857142857,460
11.5714285714286,8.57142857142857,461
18.0555555555556,9.87037037037037,462
7,17,463
12,3,464
15.3636363636364,11.6363636363636,465
9.125,3.375,466
7.42857142857143,3.42857142857143,467
18.875,3.625,468
17.9591836734694,9.44897959183673,469
4,7,470
16,3,471
13.6666666666667,3.33333333333333,472
18.5555555555556,9.55555555555556,473
4.5,16,474
8.56603773584906,10.4716981132075,475
5.15909090909091,6.15909090909091,476
5.11111111111111,6.11111111111111,477
5.11111111111111,6.11111111111111,478
5.375,6,479
5.375,6,480
5.375,6,481
5.375,6,482
5,6,483
5.375,6,484
5,6,485
5.375,6,486
5,6,487
5.375,6,488
5,6,489
5.375,6,490
5.22222222222222,7.22222222222222,491
5.14285714285714,7.6530612244898,492
5.14285714285714,7.6530612244898,493
5.14285714285714,7.6530612244898,494
5.22222222222222,7.22222222222222,495
5.22222222222222,7.22222222222222,496
5.22222222222222,7.22222222222222,497
5.35294117647059,6.82352941176471,498
5.39130434782609,6.3695652173913,499
5.44444444444444,6.44444444444444,500
5.39130434782609,6.3695652173913,501
5.01818181818182,6.94545454545455,502
5.39130434782609,6.3695652173913,503
5.39130434782609,6.3695652173913,504
5.01818181818182,6.94545454545455,505
5.39130434782609,6.3695652173913,506
5.39130434782609,6.3695652173913,507
5.39130434782609,6.3695652173913,508
5.39130434782609,6.3695652173913,509
5.01818181818182,6.94545454545455,510
5.01818181818182,6.94545454545455,511
5.05555555555556,7.01851851851852,512
5.01818181818182,6.94545454545455,513
5.39130434782609,6.3695652173913,514
5.01818181818182,6.94545454545455,515
5.39130434782609,6.3695652173913,516
5.05555555555556,7.01851851851852,517
5.01818181818182,6.94545454545455,518
5.05555555555556,7.01851851851852,519
5.01818181818182,6.94545454545455,520
5.01818181818182,6.94545454545455,521
5.01818181818182,6.94545454545455,522
5.05555555555556,7.01851851851852,523
5.01818181818182,6.94545454545455,524
5.01818181818182,6.94545454545455,525
5.01818181818182,6.94545454545455,526
5.01818181818182,6.94545454545455,527
5.01818181818182,6.94545454545455,528
5.01818181818182,6.94545454545455,529
5.39130434782609,6.3695652173913,530
5.05555555555556,7.01851851851852,531
5.05555555555556,7.01851851851852,532
5.01818181818182,6.94545454545455,533
5.05555555555556,7.01851851851852,534
5.01818181818182,6.94545454545455,535
5.05555555555556,7.01851851851852,536
5.01818181818182,6.94545454545455,537
5.01818181818182,6.94545454545455,538
5.01818181818182,6.94545454545455,539
5.05555555555556,7.01851851851852,540
5.01818181818182,6.94545454545455,541
5.01818181818182,6.94545454545455,542
5.01818181818182,6.94545454545455,543
5.01818181818182,6.94545454545455,544
4.96428571428571,6.92857142857143,545
5.05555555555556,7.01851851851852,546
4.96428571428571,6.92857142857143,547
4.96428571428571,6.92857142857143,548
5.01818181818182,6.94545454545455,549
5.05882352941176,6.52941176470588,550
5.01818181818182,6.94545454545455,551
5.01818181818182,6.94545454545455,552
5.01818181818182,6.94545454545455,553
5.05555555555556,7.01851851851852,554
4.96428571428571,6.92857142857143,555
5,7,556
5.01818181818182,6.94545454545455,557
5.01818181818182,6.94545454545455,558
4.96428571428571,6.92857142857143,559
5.01818181818182,6.94545454545455,560
5.01818181818182,6.94545454545455,561
5.05555555555556,7.01851851851852,562
5.01818181818182,6.94545454545455,563
4.96428571428571,6.92857142857143,564
5.01818181818182,6.94545454545455,565
5.01818181818182,6.94545454545455,566
5.01818181818182,6.94545454545455,567
4.96428571428571,6.92857142857143,568
5.01818181818182,6.94545454545455,569
5.05555555555556,7.01851851851852,570
5.01818181818182,6.94545454545455,571
4.96428571428571,6.92857142857143,572
4.96428571428571,6.92857142857143,573
5.05555555555556,7.01851851851852,574
4.96428571428571,6.92857142857143,575
4.96428571428571,6.92857142857143,576
5.05555555555556,7.01851851851852,577
5.05882352941176,6.52941176470588,578
4.96428571428571,6.92857142857143,579
5.05555555555556,7.01851851851852,580
4.96428571428571,6.92857142857143,581
5.44444444444444,6.44444444444444,582
5.01818181818182,6.94545454545455,583
4.96428571428571,6.92857142857143,584
4.96428571428571,6.92857142857143,585
5,7,586
5.55813953488372,6.53488372093023,587
5.55813953488372,6.53488372093023,588
5.61363636363636,6.59090909090909,589
5.55813953488372,6.53488372093023,590
5.55813953488372,6.53488372093023,591
5.55813953488372,6.53488372093023,592
5.55813953488372,6.53488372093023,593
5.55813953488372,6.53488372093023,594
5.55813953488372,6.53488372093023,595
5.55813953488372,6.53488372093023,596
5.55813953488372,6.53488372093023,597
5.55813953488372,6.53488372093023,598
5.55813953488372,6.53488372093023,599
5.55813953488372,6.53488372093023,600
5.55813953488372,6.53488372093023,601
5.55813953488372,6.53488372093023,602
5.55813953488372,6.53488372093023,603
5.55813953488372,6.53488372093023,604
5.55813953488372,6.53488372093023,605
5.55813953488372,6.53488372093023,606
5.55813953488372,6.53488372093023,607
5.05882352941176,7.52941176470588,608
5.06521739130435,6.93478260869565,609
5.4390243902439,6.92682926829268,610
5.06521739130435,6.93478260869565,611
5.4390243902439,6.92682926829268,612
5.04347826086957,7.06521739130435,613
5.4390243902439,6.92682926829268,614
5.4390243902439,6.92682926829268,615
5.4390243902439,6.92682926829268,616
5.11111111111111,7,617
5.11111111111111,7,618
5.04347826086957,7.06521739130435,619
5.04347826086957,7.06521739130435,620
5.04347826086957,7.06521739130435,621
5.04347826086957,7.06521739130435,622
5.04347826086957,7.06521739130435,623
5,7,624
5.11111111111111,7,625
5.4390243902439,6.92682926829268,626
5.15909090909091,7.15909090909091,627
5.15909090909091,7.15909090909091,628
5.15909090909091,7.15909090909091,629
5.15909090909091,7.15909090909091,630
5.15909090909091,7.15909090909091,631
5.15909090909091,7.15909090909091,632
5.15909090909091,7.15909090909091,633
5.15909090909091,7.15909090909091,634
5.22222222222222,7.22222222222222,635
5.22222222222222,7.22222222222222,636
5.22222222222222,7.22222222222222,637
5.22222222222222,7.22222222222222,638
5.22222222222222,7.22222222222222,639
5.22222222222222,7.22222222222222,640
5.15909090909091,7.15909090909091,641
5.22222222222222,7.22222222222222,642
5.22222222222222,7.22222222222222,643
5.22222222222222,7.22222222222222,644
5.15909090909091,7.15909090909091,645
5.22222222222222,7.22222222222222,646
5.15909090909091,7.15909090909091,647
5.22222222222222,7.22222222222222,648
5.22222222222222,7.22222222222222,649
5.15909090909091,7.15909090909091,650
5.22222222222222,7.22222222222222,651
5.22222222222222,7.22222222222222,652
5.22222222222222,7.22222222222222,653
5.22222222222222,7.22222222222222,654
5.22222222222222,7.22222222222222,655
5.22222222222222,7.22222222222222,656
5.22222222222222,7.22222222222222,657
5.22222222222222,7.22222222222222,658
5.22222222222222,7.22222222222222,659
5.22222222222222,7.22222222222222,660
5.15909090909091,7.15909090909091,661
5.22222222222222,7.22222222222222,662
5.22222222222222,7.22222222222222,663
5.22222222222222,7.22222222222222,664
5.22222222222222,7.22222222222222,665
5.22222222222222,7.22222222222222,666
5.22222222222222,7.22222222222222,667
5.22222222222222,7.22222222222222,668
5.15909090909091,7.15909090909091,669
5.22222222222222,7.22222222222222,670
5.4468085106383,7.42553191489362,671
5,7.5,672
5,7.5,673
5,7.5,674
5,7.5,675
5,7.5,676
5,7.5,677
5,7.5,678
5,7.5,679
5,7.5,680
5,7.5,681
5,7.5,682
5,7.5,683
5,7.5,684
5,7.5,685
5,7.5,686
5,7.5,687
5,7.5,688
5,7.5,689
5,7.5,690
5,7.5,691
5,7.5,692
5,7.5,693
5,7.5,694
5,7.5,695
5,7.5,696
5,7.5,697
5,7.5,698
5,7.5,699
5,7.5,700
5,7.5,701
5,7.5,702
5,7.5,703
5,7.5,704
5,7.5,705
5,7.5,706
5,7.5,707
5,7.5,708
5,7.5,709
5,7.5,710
5,7.5,711
5,7.5,712
5,7.5,713
5,7.5,714
5,7.5,715
5,7.5,716
5,7.5,717
5,7.5,718
5,7.5,719
5,7.5,720
5,7.5,721
5,7.5,722
5,7.5,723
5,7.5,724
5,7.5,725
5,7.5,726
5,7.5,727
5,7.5,728
4.6530612244898,8.12244897959184,729
5,7.5,730
5,7.5,731
5,7.5,732
5,7.5,733
5,8,734
5,8,735
5,8,736
5,8,737
5,8,738
5,8,739
5,8,740
5,8,741
5,8,742
5,8,743
5,8,744
5,8,745
5,8,746
5,8,747
5,8,748
5,8,749
5,8,750
5,8,751
5,8,752
5,8,753
5,8,754
5,8,755
5,8,756
5,8,757
5,8,758
5,8,759
5,8,760
5.3,7.8,761
5.5,7.5,762
5.59259259259259,7.57407407407407,763
5.6,8.1,764
5.6530612244898,8.12244897959184,765
6,8,766
7,6,767
6.87272727272727,5.92727272727273,768
6.81132075471698,5.83018867924528,769
6.81132075471698,5.83018867924528,770
6.81132075471698,5.83018867924528,771
6.81132075471698,5.83018867924528,772
6.81132075471698,5.83018867924528,773
6.81132075471698,5.83018867924528,774
6.98214285714286,5.94642857142857,775
4,6,776
14.4285714285714,3.42857142857143,777
7.125,4.625,778
5,5.5,779
13.2,5.7,780
17.8235294117647,8.35294117647059,781
20,7,782
14,6,783
20.5,7.5,784
9.04081632653061,4.55102040816327,785
15.3684210526316,5.10526315789474,786
18.52,20.52,787
10.5,5,788
20,3,789
9.5,3.5,790
14,8,791
6.63636363636364,3.27272727272727,792
17.5555555555556,3.55555555555556,793
5.38636363636364,6.40909090909091,794
6,3,795
15.4259259259259,3.59259259259259,796
19.5714285714286,3.42857142857143,797
8.14814814814815,10.8703703703704,798
14.7924528301887,4.18867924528302,799
5,3,800
17.5,3,801
12.8775510204082,5.6530612244898,802
7.57142857142857,3.57142857142857,803
14.5531914893617,5.04255319148936,804
7.90909090909091,3.90909090909091,805
11,3,806
6.6,4,807
6.88372093023256,3.90697674418605,808
17,3,809
4.7,11.8,810
14.0689655172414,24.6034482758621,811
18.4468085106383,20.9787234042553,812
19.3863636363636,5.59090909090909,813
18.8846153846154,5.17307692307692,814
18.5,4.5,815
19,5,816
19,5.5,817
18.5,4.5,818
19.0188679245283,5.0377358490566,819
19.0188679245283,5.0377358490566,820
19.0188679245283,5.0377358490566,821
19.0188679245283,5.0377358490566,822
18.9615384615385,5.05769230769231,823
18.9615384615385,5.05769230769231,824
18.9615384615385,5.05769230769231,825
19.0188679245283,5.0377358490566,826
18.9615384615385,5.05769230769231,827
18.9615384615385,5.05769230769231,828
19.1111111111111,5.88888888888889,829
19.1111111111111,5.88888888888889,830
19.1111111111111,5.88888888888889,831
19.1111111111111,5.88888888888889,832
19.1111111111111,5.88888888888889,833
19.1111111111111,5.88888888888889,834
19.0681818181818,5.95454545454545,835
19.1111111111111,5.88888888888889,836
19.1111111111111,5.88888888888889,837
19.1111111111111,5.88888888888889,838
17.5576923076923,4.55769230769231,839
12,3,840
10.875,3.625,841
10.8235294117647,3.35294117647059,842
9.5,3,843
10.9,3.3,844
10,3,845
11,3,846
10.8,3.3,847
10.8,3.3,848
10.8,3.3,849
10.8235294117647,3.35294117647059,850
10.8,3.3,851
10.8,3.3,852
10.8,3.3,853
11,3,854
10.8235294117647,3.35294117647059,855
10.8,3.3,856
10.8235294117647,3.35294117647059,857
11,3,858
11,3,859
11,3,860
11,3,861
11,3,862
11,3,863
11,3,864
11,3,865
11,3,866
11,3,867
11,3,868
11,3,869
11,3,870
11,3,871
11,3,872
11,3,873
10.3636363636364,3.27272727272727,874
8.92682926829268,3.4390243902439,875
12.5,3,876
12.5,3,877
12.5,3,878
12.5,3,879
12.5,3,880
12.5,3,881
12.5,3,882
12.5,3,883
12.5,3,884
12.5,3,885
12.5,3,886
12.5,3,887
12.5,3,888
12.5,3,889
12.5,3,890
12.5,3,891
12.5,3,892
12.5,3,893
12.5,3,894
12.5,3,895
12.5,3,896
12.5,3,897
12.5,3,898
12.5,3,899
12.5,3,900
12.5,3,901
12.5,3,902
12.5,3,903
12.5,3,904
12.5,3,905
12.5,3,906
12.5,3,907
12.5,3,908
12.5,3,909
12.5,3,910
12.5,3,911
12.5,4,912
12.375,3.875,913
12.375,3.875,914
12.375,3.875,915
12.375,3.875,916
12.375,3.875,917
12.375,3.875,918
12.375,3.875,919
12.375,3.875,920
12.375,3.875,921
12.375,3.875,922
12.375,3.875,923
12.375,3.875,924
12.375,3.875,925
12.375,3.875,926
12.375,3.875,927
12.375,3.875,928
12.375,3.875,929
12.375,3.875,930
12.375,3.875,931
12.375,3.875,932
12.375,3.875,933
12.375,3.875,934
12.375,3.875,935
12.375,3.875,936
12.375,3.875,937
12.375,3.875,938
12.375,3.875,939
12.375,3.875,940
12.375,3.875,941
12.375,3.875,942
12.375,3.875,943
12.375,3.875,944
12,3,945
14,4.5,946
13,3,947
13,3,948
13,3,949
13,3,950
13,3,951
13,3,952
13,3,953
13,3,954
13,3,955
12.5,3,956
12.5,3,957
12.5,3,958
12.5,3,959
12.5,3,960
12.5,3,961
