x,y,t
17.8333333333333,9.33333333333333,1
17.0338983050847,10.4576271186441,2
16.5,10.5,3
17.5660377358491,9.52830188679245,4
19.1111111111111,8,5
18.5,6.1,6
15.2033898305085,7.3728813559322,7
14.962962962963,8.05555555555556,8
14.864406779661,7.61016949152542,9
16.8727272727273,30.9272727272727,10
20,10.0909090909091,11
19.8571428571429,10.6530612244898,12
20,10.5,13
20,10.5,14
18.3728813559322,22.8813559322034,15
8.40384615384615,28,16
8.40384615384615,28,17
19.4545454545455,4.45454545454545,18
16,7.5,19
9.04347826086956,13.0652173913043,20
9.93478260869565,13.9565217391304,21
9.88888888888889,13.8888888888889,22
9.95652173913044,13.9347826086957,23
9.51923076923077,13.8846153846154,24
10,14,25
9.60869565217391,13.6304347826087,26
12.8846153846154,16.5769230769231,27
16.625,20.125,28
15.5,20,29
16,20,30
16,20,31
16.375,19.875,32
16.5609756097561,19.9268292682927,33
16.625,19.875,34
16.5,19.5,35
16.625,20,36
16.5714285714286,19.5714285714286,37
11.3157894736842,30.6315789473684,38
12,30.625,39
13.7115384615385,30.8846153846154,40
12.5,31,41
12.3636363636364,30.7272727272727,42
12.5,31,43
14.3035714285714,31.3392857142857,44
13.7272727272727,30.7272727272727,45
14,30.5,46
19.5,23,47
10.9166666666667,4.625,48
16.6071428571429,8.57142857142857,49
16.4,8.1,50
16.4,8.1,51
16.4545454545455,8.54545454545454,52
16.5,8.5,53
16.7,7.8,54
16,8.3,55
14.9245283018868,4.09433962264151,56
20,14,57
10.7142857142857,3.32142857142857,58
9.07547169811321,11.1320754716981,59
13.4032258064516,33.9193548387097,60
19.5,31.5,61
16,29.5,62
16.4444444444444,29.5555555555556,63
16.4444444444444,29.5555555555556,64
15.4,23.9,65
15,5.90909090909091,66
19.8301886792453,10.811320754717,67
15.4576271186441,33.0338983050847,68
4.40384615384615,5,69
15.8,7.3,70
13.7884615384615,4.26923076923077,71
10.1,10.6,72
10.0408163265306,10.5714285714286,73
10.1,10.6,74
10.3863636363636,10.4090909090909,75
10.3913043478261,10.3695652173913,76
10,11.0909090909091,77
9.6530612244898,11.1224489795918,78
9.6530612244898,11.1224489795918,79
9.7,11.2,80
9.6530612244898,11.1224489795918,81
9.6530612244898,11.1224489795918,82
9.6530612244898,11.1224489795918,83
9.6530612244898,11.1224489795918,84
9.7,11.2,85
9.6530612244898,11.1224489795918,86
9.6530612244898,11.1224489795918,87
9.6530612244898,11.1224489795918,88
9.6530612244898,11.1224489795918,89
16.3448275862069,12.1724137931034,90
14.8,8.7,91
17.4444444444444,6.44444444444444,92
17.8653846153846,6.59615384615385,93
15.6470588235294,7.82352941176471,94
16.92,5.38,95
13.9811320754717,13.0377358490566,96
19.375,34,97
7.63636363636364,9.36363636363636,98
12.4166666666667,14.0833333333333,99
16.7777777777778,6.22222222222222,100
12.1818181818182,6.81818181818182,101
12.125,6.85714285714286,102
10.0909090909091,9.09090909090909,103
5.04347826086957,12.9347826086957,104
13.0740740740741,9,105
13.0909090909091,9.09090909090909,106
13.0652173913043,9.04347826086956,107
13.1,8.6,108
13,8,109
15.5,10,110
15.5,10,111
15.5,10,112
15.5,10,113
13.1,9.6,114
20,23,115
5.55555555555556,19.5555555555556,116
16.0714285714286,3.96428571428571,117
16.9387755102041,33.5102040816327,118
6.6304347826087,4.39130434782609,119
19,34.625,120
7.82456140350877,32.8947368421053,121
11.14,34.58,122
10.1666666666667,33.3333333333333,123
9.92857142857143,33.0357142857143,124
13.1111111111111,34.1111111111111,125
14.4259259259259,33.4074074074074,126
14.75,33.25,127
8.2,34.3,128
14.0454545454545,33.9318181818182,129
13.6326530612245,33.8367346938776,130
13.5740740740741,33.4814814814815,131
13.5,34,132
17,34.5,133
9.57407407407407,33.4074074074074,134
13,33.4,135
13.037037037037,30.9814814814815,136
15.1296296296296,5.85185185185185,137
15.037037037037,5.94444444444444,138
10.3157894736842,4.63157894736842,139
18.4489795918367,5.04081632653061,140
18.3958333333333,5.0625,141
4.7,19.2,142
4.95918367346939,7.42857142857143,143
5.58181818181818,7.50909090909091,144
4.95652173913043,7.93478260869565,145
7,4.59615384615385,146
7.07547169811321,4.54716981132075,147
6.94117647058824,4.45098039215686,148
7.13461538461539,4.59615384615385,149
6.95918367346939,4.44897959183673,150
7.54,3.98,151
6.95918367346939,4.44897959183673,152
6.95918367346939,4.44897959183673,153
7.07142857142857,4.03571428571429,154
6.9,4.4,155
7.07142857142857,4.03571428571429,156
6.9,4.4,157
7.80701754385965,14.3684210526316,158
10.5,34.0833333333333,159
9.48214285714286,32.5178571428571,160
9.03921568627451,32.5686274509804,161
9.57142857142857,32.6071428571429,162
11.5,34,163
19.3863636363636,23.5909090909091,164
19.8518518518519,14.1111111111111,165
19.5254237288136,13.9322033898305,166
19.5740740740741,14.3888888888889,167
19.8518518518519,14.1111111111111,168
19.5,14,169
19.4406779661017,14.0169491525424,170
19.5,14,171
17.5,23.5,172
14.5,25,173
17.3695652173913,34.6086956521739,174
18.9268292682927,34.5609756097561,175
8.6,33,176
11.875,33.625,177
12.875,34.375,178
12.5,34.5,179
12.9268292682927,34.4390243902439,180
12.875,34.375,181
12.5,34.5,182
12.9268292682927,34.4390243902439,183
12.5,34,184
12.0731707317073,33.5609756097561,185
14.9,34.4,186
7.4,33,187
10.4285714285714,33.5714285714286,188
10.4285714285714,33.5714285714286,189
10.4285714285714,33.5714285714286,190
10.4285714285714,33.5714285714286,191
10.4285714285714,33.5714285714286,192
9.55555555555556,33.4444444444444,193
8,32.0909090909091,194
7.57446808510638,32.5531914893617,195
11.5510204081633,33.9591836734694,196
15.5,33.5,197
10.0731707317073,32.5609756097561,198
11.5,34,199
8.92452830188679,32.5471698113208,200
8.09836065573771,32.3606557377049,201
8.05,32.4,202
7.82608695652174,32.1739130434783,203
7.5,32.5,204
17.9454545454545,33.9818181818182,205
6.45454545454545,31.5454545454545,206
13.6530612244898,9.12244897959184,207
13.4545454545455,9.45454545454546,208
14.1818181818182,10.1818181818182,209
16.5,9.9,210
16.5,9.9,211
12.8301886792453,33.188679245283,212
16.734693877551,33.7551020408163,213
17.0408163265306,33.4489795918367,214
10.7272727272727,34.2727272727273,215
8.23214285714286,17.2321428571429,216
14.5384615384615,32.6153846153846,217
9.06521739130435,33.9565217391304,218
12.5,33.5,219
12.9347826086957,33.0652173913044,220
13,33,221
12.4390243902439,33.0731707317073,222
11.3,24.8,223
11.3529411764706,24.8235294117647,224
11.5185185185185,32.4814814814815,225
11,33.5,226
18.3333333333333,33.4444444444444,227
9.44444444444444,25.5555555555556,228
9.4390243902439,25.0731707317073,229
9.4390243902439,25.9268292682927,230
9.4390243902439,25.9268292682927,231
9.33333333333333,25.6666666666667,232
17.5555555555556,3.55555555555556,233
12.6481481481481,3.68518518518519,234
13.5,30,235
20,32,236
11.3728813559322,30.8813559322034,237
8.875,32.1428571428571,238
8.52459016393443,32.0327868852459,239
8.42622950819672,32.0327868852459,240
14.037037037037,12.9444444444444,241
13.7272727272727,10.2727272727273,242
17.5,35,243
9.63793103448276,34.4137931034483,244
13.5,34,245
14.4,34,246
13.9090909090909,34,247
14.4705882352941,33.9411764705882,248
14.6304347826087,33.6086956521739,249
14.6304347826087,33.6086956521739,250
14.4705882352941,33.9411764705882,251
14.6304347826087,33.6086956521739,252
14.6304347826087,33.6086956521739,253
14.54,33.98,254
15.0731707317073,33.5609756097561,255
14.54,33.98,256
15.0731707317073,33.5609756097561,257
15.0731707317073,33.5609756097561,258
14.6304347826087,33.6086956521739,259
15.4313725490196,33.0392156862745,260
9.06451612903226,33.4032258064516,261
13.02,22.46,262
19.6470588235294,6.05882352941176,263
15.8518518518519,8.12962962962963,264
10.7777777777778,30.2407407407407,265
10.7169811320755,30.2830188679245,266
17.4347826086957,27.8913043478261,267
14.3214285714286,12.7142857142857,268
10.5744680851064,34.5531914893617,269
15.6578947368421,35.1052631578947,270
14.375,34.0625,271
14.4390243902439,34.0731707317073,272
14.5,34,273
10,35,274
14.9183673469388,34.530612244898,275
8,20,276
7.98148148148148,15,277
7.60416666666667,15.0625,278
7.91666666666667,15.375,279
7.97959183673469,15.4081632653061,280
13.8181818181818,4.81818181818182,281
16.5555555555556,4.61111111111111,282
17,18.5,283
8.18181818181818,28.8181818181818,284
15.3636363636364,34.5909090909091,285
12.3214285714286,31.7142857142857,286
8.05882352941176,33.4509803921569,287
11.0731707317073,33.4390243902439,288
11.0731707317073,33.4390243902439,289
12.0731707317073,33.5609756097561,290
12,34,291
12,34,292
12,34,293
12,34.375,294
12,34,295
12,33.375,296
12.5555555555556,33.5555555555556,297
12.5,33.5,298
10.0526315789474,32.8947368421053,299
9.47058823529412,31.9411764705882,300
9.90909090909091,32,301
9.4,32,302
10.8235294117647,32.6470588235294,303
13.8181818181818,32.8181818181818,304
18.5,15,305
18.4390243902439,15.0731707317073,306
18.1111111111111,14.8888888888889,307
18.4390243902439,15.0731707317073,308
18.5471698113208,18.9245283018868,309
5.55102040816327,9.95918367346939,310
17,25.6,311
17,26,312
17.0408163265306,32.5714285714286,313
17.5,33.5862068965517,314
8.42553191489362,32.5531914893617,315
11.5510204081633,33.9591836734694,316
11.5,34,317
11.1739130434783,33.8260869565217,318
11.4821428571429,33.3928571428571,319
10.6,33.9,320
11.0731707317073,33.4390243902439,321
11,33.5,322
11,33.5,323
11,33.5,324
10.9268292682927,33.5609756097561,325
11.0172413793103,32.8448275862069,326
18.0731707317073,34.4390243902439,327
14.4385964912281,34.4561403508772,328
15.5555555555556,33.6666666666667,329
13.5686274509804,34.0392156862745,330
15,33.5,331
12,33,332
7.54545454545455,24.4545454545455,333
19.4,3.9,334
18,3.5,335
15.0731707317073,3.5609756097561,336
14,3,337
14.4716981132075,7.56603773584906,338
16.6363636363636,33.7272727272727,339
15.5744680851064,34.4468085106383,340
9.88888888888889,33.1111111111111,341
13.9464285714286,31.0178571428571,342
13.5471698113208,28.9245283018868,343
12.9824561403509,28.9649122807018,344
7.8,29.7,345
10,33,346
15.0588235294118,33.6470588235294,347
17.5909090909091,33.3863636363636,348
15.5,33.5862068965517,349
15.9411764705882,32.5490196078431,350
13,33.5,351
15.4444444444444,34.4444444444444,352
15.5555555555556,33.4444444444444,353
13.4230769230769,33.8846153846154,354
7.39130434782609,24.5,355
18.5,12,356
18.6086956521739,16.3695652173913,357
18.6086956521739,16.3695652173913,358
19.375,14.875,359
19.3333333333333,14.6666666666667,360
19.3148148148148,25.3333333333333,361
18.8813559322034,25.3728813559322,362
19.5,34,363
13.0434782608696,33.9347826086956,364
13.5,34,365
7.54545454545455,34.5454545454545,366
15.9821428571429,33.9464285714286,367
17.9268292682927,34.5609756097561,368
11.5,30,369
14.5,34,370
18.5,34.5,371
10.4313725490196,33.0392156862745,372
11.2,33.4,373
11.1111111111111,33.8888888888889,374
11.0434782608696,33.9347826086956,375
11.0434782608696,33.9347826086956,376
11.0434782608696,33.9347826086956,377
11.0434782608696,33.9347826086956,378
11.0434782608696,33.9347826086956,379
11.0434782608696,33.9347826086956,380
11.0434782608696,33.9347826086956,381
11.0434782608696,33.9347826086956,382
11,32.5,383
9.5,33.5,384
18.4102564102564,35.0512820512821,385
16.0731707317073,33.4390243902439,386
9.03571428571429,33.0357142857143,387
17.5686274509804,33.9607843137255,388
19.5,13.5,389
19.5490196078431,21.0588235294118,390
19.1818181818182,23.1818181818182,391
18.7966101694915,23.2203389830508,392
18.9230769230769,22.9230769230769,393
14.0909090909091,33.0909090909091,394
15.6304347826087,33.6086956521739,395
16.5555555555556,33.6666666666667,396
17.5,34,397
17.6304347826087,34.3913043478261,398
16.6666666666667,34.3333333333333,399
16.5744680851064,33.5531914893617,400
17.5294117647059,33.9411764705882,401
17,34,402
17,34,403
17.125,34.375,404
17.125,34.375,405
17.125,34.375,406
16.5,34,407
16.2,34.3,408
16.6666666666667,34.3333333333333,409
16.2,34.3,410
16.2,34.3,411
16.2,34.3,412
16,34,413
16,33.7,414
17.6304347826087,34.3913043478261,415
16.5,33.5,416
18,34,417
18.1111111111111,34,418
18.3695652173913,34.6086956521739,419
12.0731707317073,33.5609756097561,420
7.5,32.5,421
16.6666666666667,34.3333333333333,422
14.3695652173913,33.6086956521739,423
15.5,33.5,424
11.0408163265306,32.5510204081633,425
11.530612244898,32.0612244897959,426
11.6086956521739,32.6304347826087,427
11.5609756097561,33.0731707317073,428
11.5609756097561,33.0731707317073,429
11.5609756097561,33.0731707317073,430
11.5609756097561,33.0731707317073,431
11.5609756097561,33.0731707317073,432
11.2,31.7,433
10.5,31,434
5.5,30.5,435
7.5,29,436
7.5,29.5,437
7.45454545454545,29.4545454545455,438
8.35294117647059,31.1764705882353,439
8.24074074074074,31.7777777777778,440
8.36363636363636,31.6363636363636,441
8.32142857142857,31.6964285714286,442
8.24074074074074,31.7777777777778,443
8.18181818181818,31.8181818181818,444
8.24074074074074,31.7777777777778,445
8.18181818181818,31.8181818181818,446
8.18181818181818,31.8181818181818,447
8.24074074074074,31.7777777777778,448
8.18181818181818,31.8181818181818,449
8.18181818181818,31.8181818181818,450
8.18181818181818,31.8181818181818,451
8.18181818181818,31.8181818181818,452
8.18181818181818,31.8181818181818,453
8.27272727272727,31.7272727272727,454
8,31.5,455
6.54716981132075,30.9245283018868,456
7.5,30.5,457
7.45454545454545,29.5454545454545,458
10.4313725490196,33.0392156862745,459
15.5,35,460
8.56140350877193,34.6315789473684,461
6,33.1111111111111,462
12.4285714285714,34.4285714285714,463
6.5,34.1,464
7.07142857142857,34.0357142857143,465
6.17647058823529,33.6470588235294,466
19.4285714285714,34.5714285714286,467
14.4385964912281,33.6315789473684,468
13.5686274509804,34.0392156862745,469
10.1052631578947,33,470
5.86538461538461,32.5961538461538,471
11.2244897959184,34.2244897959184,472
11,34.5,473
11.1860465116279,34.7441860465116,474
10.7857142857143,35.1428571428571,475
10,34.5,476
10.6,33.9,477
9,34,478
16.25,34.7045454545455,479
19.3863636363636,25.5909090909091,480
19,25.5,481
17.6,7.9,482
17.125,3.375,483
15.5,3,484
19.6086956521739,30.6304347826087,485
18,34.5,486
17.8888888888889,34.1111111111111,487
17.0731707317073,33.4390243902439,488
17.125,33.625,489
17,34,490
17.125,34.375,491
17.125,34.375,492
17,34,493
14,33,494
12.5744680851064,33.5531914893617,495
11.6,33.9,496
17,34,497
13.4,33.9,498
10.4313725490196,34.0392156862745,499
5.88888888888889,33.8888888888889,500
5.88888888888889,33.8888888888889,501
6.5,33.1,502
6.44444444444444,32.5555555555556,503
5.5,34,504
11.9268292682927,33.5609756097561,505
10.4,33.1,506
10.5555555555556,33.4444444444444,507
9.5,32.6086956521739,508
11.4727272727273,32.5636363636364,509
11.1,32.4333333333333,510
11,32.5,511
11,33,512
8.07317073170732,32.5609756097561,513
18,34.375,514
17,33.5961538461538,515
17.125,33.625,516
16.5744680851064,33.5531914893617,517
17,33.5,518
17,33.5,519
16.5744680851064,33.5531914893617,520
16.5744680851064,33.5531914893617,521
17,33.5,522
16.5744680851064,33.5531914893617,523
18,34,524
18.0545454545455,33.9818181818182,525
13.6,34.1,526
18,34.5,527
16.4444444444444,34.4444444444444,528
12.5,31.5862068965517,529
11.9090909090909,15.9090909090909,530
12.0350877192982,15.9824561403509,531
6,33.0909090909091,532
6.95918367346939,33.4489795918367,533
7.46938775510204,33.9387755102041,534
7.54,33.98,535
7.56862745098039,34.0392156862745,536
7.56862745098039,34.0392156862745,537
7.5,34,538
7.47058823529412,33.9411764705882,539
7.54,33.98,540
7.07142857142857,34.0357142857143,541
6.90909090909091,33.9090909090909,542
8.07547169811321,32.5471698113208,543
9.07547169811321,32.5471698113208,544
11.1,33.4,545
11,33.5833333333333,546
11,33.5833333333333,547
11.0909090909091,33.9090909090909,548
11,33.5833333333333,549
11.0434782608696,32.9347826086956,550
12.74,34.68,551
14.8,34.3,552
9,32.625,553
18.1,34.4,554
18,34.5,555
6.54,32.98,556
14.5,33.5,557
19.0408163265306,33.5510204081633,558
4.63636363636364,33.6363636363636,559
15.6530612244898,18.8775510204082,560
20,25,561
17.0526315789474,33.8947368421053,562
16.5744680851064,33.5531914893617,563
16.5744680851064,33.5531914893617,564
16.5744680851064,33.5531914893617,565
17,33.5,566
18.530612244898,33.9387755102041,567
18.0434782608696,33.9347826086956,568
12.4285714285714,25.5714285714286,569
15,33.5,570
12.9268292682927,33.5609756097561,571
13,34,572
12.5,33.5,573
12.5,33.5,574
12.4444444444444,33.5555555555556,575
12.0588235294118,33.4509803921569,576
12.1,33.4,577
7,32.5,578
17.9285714285714,34.0357142857143,579
15.6785714285714,18.2857142857143,580
17.9411764705882,25.4705882352941,581
11.8392857142857,34.125,582
14.5,34.5,583
16,34.5961538461538,584
16,35,585
16,35,586
16,35,587
15.5,35,588
16,34.0909090909091,589
16,33.5961538461538,590
16,33.5961538461538,591
16,33.5961538461538,592
16,33.5961538461538,593
16,33.5961538461538,594
16,33.5961538461538,595
16,33.5961538461538,596
17.1,34.4,597
14.1,32.4,598
12.5,34,599
11,32.5,600
18.5,31.5,601
14.5762711864407,33.5423728813559,602
14.3636363636364,33.3636363636364,603
13.7142857142857,33.6785714285714,604
13.1764705882353,33.6470588235294,605
13.1764705882353,33.6470588235294,606
13.1764705882353,33.6470588235294,607
13.1764705882353,33.6470588235294,608
18,34.5,609
15.0754716981132,34.5471698113208,610
18.5,34,611
16.5454545454545,33.4545454545455,612
14.0754716981132,33.5471698113208,613
12.5,33,614
12.5925925925926,33.4074074074074,615
13,33.5,616
12.4038461538462,32.8653846153846,617
12.3333333333333,33.3333333333333,618
12.4468085106383,33.4255319148936,619
12.1764705882353,33.5882352941176,620
12.5,33.5,621
15.3928571428571,32.5714285714286,622
17.3333333333333,26.3148148148148,623
16.5961538461538,26,624
11.9795918367347,18.4081632653061,625
7,22,626
7,22.5,627
7,22,628
18.5,15,629
18.1111111111111,15.1111111111111,630
18.0731707317073,15.5609756097561,631
19,35,632
17.2,34.3,633
14.5555555555556,34.4444444444444,634
15.7105263157895,34.6842105263158,635
16.3214285714286,35.1071428571429,636
15.8181818181818,35.0909090909091,637
15.8181818181818,35.0909090909091,638
15.8181818181818,35.0909090909091,639
15.75,35.15625,640
13.1,32.6,641
13.0588235294118,33.4509803921569,642
13,33.5,643
13.1818181818182,33.8181818181818,644
13,33.5,645
13.0588235294118,33.4509803921569,646
13,33.5,647
13,33.5,648
13,33.5,649
11.4754098360656,33.1311475409836,650
14.7962962962963,34.0925925925926,651
10.8448275862069,27.3965517241379,652
18.5,34,653
16.1296296296296,5.85185185185185,654
5.58974358974359,2.94871794871795,655
5.52941176470588,3.94117647058824,656
5.42553191489362,3.4468085106383,657
19.3333333333333,32.3333333333333,658
12.4358974358974,33.9487179487179,659
13.2888888888889,34.6444444444444,660
18.4444444444444,34.6666666666667,661
18.3636363636364,34.5909090909091,662
4.95454545454545,33.9318181818182,663
5.5,32.6086956521739,664
5.42857142857143,33.3928571428571,665
9.96610169491525,33.4576271186441,666
8.92682926829268,32.4390243902439,667
11.4444444444444,26.4444444444444,668
12.1875,21.6875,669
6,33.5833333333333,670
5.52083333333333,33.9791666666667,671
5.57142857142857,34.0204081632653,672
5.52083333333333,33.9791666666667,673
5.52083333333333,33.9791666666667,674
7,34,675
5.56862745098039,34.0392156862745,676
5.96428571428571,33.9464285714286,677
5.96428571428571,33.9464285714286,678
5.96428571428571,33.9464285714286,679
5.96428571428571,33.9464285714286,680
5.96428571428571,33.9464285714286,681
5.96428571428571,33.9464285714286,682
5.96428571428571,33.9464285714286,683
5.96428571428571,33.9464285714286,684
5.96428571428571,33.9464285714286,685
5.96428571428571,33.9464285714286,686
5.96428571428571,33.9464285714286,687
5.96428571428571,33.9464285714286,688
5.96428571428571,33.9464285714286,689
5.96428571428571,33.9464285714286,690
5.56862745098039,34.0392156862745,691
7.96610169491525,33.4576271186441,692
8.42307692307692,32.8846153846154,693
8.44262295081967,33.0655737704918,694
9.92857142857143,33.0357142857143,695
5.91666666666667,31.5833333333333,696
10.4821428571429,23.5178571428571,697
17.962962962963,10.0555555555556,698
16,32.5,699
16.125,32.625,700
15.875,33.375,701
16,33,702
18.9777777777778,33.9777777777778,703
17.6,34,704
17.125,34.375,705
17.125,34.375,706
17.125,34.375,707
17.1,34.4,708
18.0731707317073,34.4390243902439,709
18,34.5,710
17,33.625,711
18.9347826086957,34.0434782608696,712
17.2586206896552,9.75862068965517,713
12.6071428571429,31.4107142857143,714
8.9,31.4,715
8.33333333333333,31.6666666666667,716
8,31.7,717
8,31.7,718
8,31.7,719
8,31.7,720
7.35294117647059,32.156862745098,721
7.42553191489362,32.5531914893617,722
7,33,723
7.5,33,724
7.5,33,725
7.5,33,726
7.5,33,727
7.5,33,728
7.5,33,729
7.5,33,730
7.5,33,731
8.92452830188679,32.5471698113208,732
16,34.5,733
20,5.5,734
18.0588235294118,32.5294117647059,735
13.5833333333333,33.1666666666667,736
13.537037037037,33.462962962963,737
13.5,34,738
13.5,34,739
16.2,33.3,740
11.9565217391304,32.9347826086956,741
11.1764705882353,33.3529411764706,742
12,33,743
12.1276595744681,33,744
12.8367346938776,33.3673469387755,745
13,33.5,746
13,33.5,747
13,33.5,748
13.3636363636364,33.4545454545455,749
15.8936170212766,32.1276595744681,750
11.0652173913043,33.0652173913044,751
11,33.5,752
10.0434782608696,32.9347826086956,753
10.1111111111111,33,754
8.47058823529412,31.9411764705882,755
9.18181818181818,32.8181818181818,756
11.0434782608696,32.9347826086956,757
10,29,758
11.6470588235294,32.1764705882353,759
10.6785714285714,30.7142857142857,760
10.4561403508772,30.9824561403509,761
10.4561403508772,30.9824561403509,762
18.4444444444444,30.5555555555556,763
4.36734693877551,33.8367346938776,764
8.0625,32.0625,765
10.1818181818182,32.8181818181818,766
16.5,34,767
12.0588235294118,27.5294117647059,768
9.63636363636364,29.5454545454545,769
9.39130434782609,31.6304347826087,770
9,31.5,771
9,31.5,772
9,31.5,773
8.54545454545454,31.4545454545455,774
8.81818181818182,31.1818181818182,775
8.81818181818182,31.1818181818182,776
8.81818181818182,31.1818181818182,777
8.5,31.5,778
8.5,31.5,779
8.45454545454546,31.5454545454545,780
8.45454545454546,31.5454545454545,781
8.45454545454546,31.5454545454545,782
8.45454545454546,31.5454545454545,783
8.45454545454546,31.5454545454545,784
8.5,31.5,785
8.54545454545454,31.4545454545455,786
8.57407407407407,31.3888888888889,787
8.6,31.9,788
9,32,789
9,32,790
8.6,31.9,791
9,32,792
8.5,32,793
8.88888888888889,32.1111111111111,794
8.88888888888889,32.1111111111111,795
8.5,32.1,796
8.5,32.1,797
6.07317073170732,31.5609756097561,798
10.4,34.1,799
11.3,32.2,800
9.55555555555556,32.6666666666667,801
16.6666666666667,10.8333333333333,802
5.5,3.39130434782609,803
10.4166666666667,9,804
19.4102564102564,2.94871794871795,805
15,4,806
17,4.5,807
14,33.0909090909091,808
7.5,32.6086956521739,809
12.5,32.6086956521739,810
12.5714285714286,32.5714285714286,811
13,32.625,812
11,32.5,813
9.57692307692308,32.8846153846154,814
9.92857142857143,33.0357142857143,815
10.4313725490196,33.0392156862745,816
10,33.0909090909091,817
10,33.0909090909091,818
10,33.0909090909091,819
9,32.5,820
7.9,33.4,821
17,34.0909090909091,822
6.94736842105263,32.8947368421053,823
19.5,22,824
15.2448979591837,33.2040816326531,825
17.9642857142857,32.9285714285714,826
17.622641509434,32.6415094339623,827
18.5454545454545,31.5454545454545,828
18,33,829
18,33.5,830
14.5714285714286,34.1224489795918,831
14.0408163265306,34.5510204081633,832
13.9,34.4,833
14.1,34.6,834
14.0408163265306,34.5510204081633,835
14.1,34.6,836
14.0408163265306,34.5510204081633,837
14.1,34.6,838
14.0408163265306,34.5510204081633,839
14.1,34.6,840
14.0408163265306,34.5510204081633,841
14.1,34.6,842
14.1,34.6,843
14.1,34.6,844
14.1,34.6,845
14.0754716981132,34.5471698113208,846
12.3636363636364,34.3636363636364,847
12.5,35,848
12.5,35,849
12.5,35,850
13.5,34.0833333333333,851
10.4444444444444,32.4444444444444,852
7.3,32.8,853
16.3333333333333,34.3333333333333,854
19.1698113207547,28.0943396226415,855
16.9821428571429,34.0535714285714,856
13.5,33,857
15.6363636363636,31.6363636363636,858
15.5714285714286,32.5714285714286,859
15.5714285714286,32.5714285714286,860
15.5714285714286,32.5714285714286,861
15.5,32.5,862
15.5,32.5,863
15.4285714285714,32.4285714285714,864
15.4285714285714,32.4285714285714,865
15.4285714285714,32.4285714285714,866
15.4285714285714,32.4285714285714,867
15.4285714285714,32.4285714285714,868
15.4285714285714,32.4285714285714,869
15.4285714285714,32.4285714285714,870
15.4285714285714,32.4285714285714,871
7.07142857142857,33.0357142857143,872
6.3728813559322,31.1186440677966,873
11.0555555555556,33.962962962963,874
18.4285714285714,29.6071428571429,875
10.0588235294118,33.5686274509804,876
15.6666666666667,20.8333333333333,877
15.3148148148148,21.6666666666667,878
10.1296296296296,19.1296296296296,879
10.4576271186441,18.9491525423729,880
10.2448979591837,18.734693877551,881
10.1818181818182,19.1818181818182,882
10.1,19.6,883
10.4814814814815,19.5185185185185,884
10.5454545454545,19.5454545454545,885
10.5178571428571,19.4821428571429,886
12.5689655172414,10.1034482758621,887
19,26,888
15.6363636363636,31.6363636363636,889
5.4468085106383,31.5744680851064,890
5.4390243902439,31.0731707317073,891
6.18181818181818,32.8181818181818,892
10.5245901639344,33.0327868852459,893
11,28,894
10.7,27.9,895
20,6.5,896
20,13,897
19.6086956521739,13.3695652173913,898
19.5,13.5,899
19.5609756097561,13.9268292682927,900
14.0754716981132,32.4528301886792,901
5.45762711864407,16.4237288135593,902
12.135593220339,33.3898305084746,903
18.1509433962264,33.188679245283,904
14.8301886792453,5.81132075471698,905
6.08823529411765,2.94117647058824,906
10.7777777777778,20.2407407407407,907
17.037037037037,31.9259259259259,908
9.47272727272727,28.4363636363636,909
12,31.5,910
12.3,32.1,911
12.3,32.1,912
12.3,32.1,913
12.3,32.1,914
12.8,31.7,915
12,32,916
12,32,917
16.6071428571429,33.5714285714286,918
18.0731707317073,33.5609756097561,919
5.60655737704918,31.983606557377,920
6.07547169811321,32.5471698113208,921
19.3863636363636,33.5909090909091,922
10.0909090909091,32.9090909090909,923
18.9259259259259,27,924
19.4363636363636,27.5272727272727,925
19.3148148148148,22.3333333333333,926
15.5,23,927
9.44897959183673,20.0408163265306,928
9.04081632653061,19.4285714285714,929
9.33333333333333,19.5555555555556,930
9,26,931
9.94642857142857,29.9821428571429,932
10.1296296296296,30.1481481481481,933
8.1,32.4,934
20.5531914893617,8.42553191489362,935
5,16,936
17.6086956521739,26.5,937
17.4444444444444,26.4444444444444,938
18.4561403508772,27.4561403508772,939
18.2545454545455,28.2909090909091,940
18.3454545454545,28.2909090909091,941
19.0731707317073,32.5609756097561,942
12.9090909090909,32.8181818181818,943
9.1,32.4,944
19.7,25.1,945
18.3148148148148,23.3333333333333,946
11.8275862068966,31.3448275862069,947
7.94117647058824,33.4509803921569,948
6.5,27.5,949
6.54901960784314,31.0588235294118,950
6.07547169811321,33.5471698113208,951
4.93478260869565,33.9565217391304,952
8.17543859649123,32.8947368421053,953
12.9,34.6,954
13.3333333333333,34.6666666666667,955
12.9,34.7,956
13.3333333333333,34.6666666666667,957
12.9,34.7,958
13.2777777777778,34.7592592592593,959
13.3636363636364,34.7272727272727,960
12.5,34.5,961
