x,y,t
17.5609756097561,33.9268292682927,1
19.5454545454545,9.54545454545454,2
6.5,19,3
14.9384615384615,5.50769230769231,4
17.7272727272727,5.27272727272727,5
17.7272727272727,25.3636363636364,6
20.6470588235294,19.8235294117647,7
21.578125,20,8
21.75,20,9
21.75,20,10
22,20,11
19.4603174603175,16.9365079365079,12
21,29.5,13
21,28.5,14
21,29,15
19.9565217391304,28.0652173913043,16
19.5555555555556,28.4444444444444,17
20,28.1111111111111,18
20.5714285714286,27.5714285714286,19
20.5714285714286,27.5714285714286,20
20.5714285714286,27.5714285714286,21
20.5714285714286,27.5714285714286,22
20.5714285714286,27.5714285714286,23
20.5714285714286,27.5714285714286,24
20.5714285714286,27.5714285714286,25
20.5714285714286,27.5714285714286,26
20.5714285714286,27.5714285714286,27
20.5,27.5,28
5.375,25.875,29
17,30.5,30
17.9365079365079,27.4920634920635,31
17.3728813559322,27.271186440678,32
17.8723404255319,27,33
17.0652173913043,26.9347826086957,34
17.5744680851064,26.5531914893617,35
17.2456140350877,26.7017543859649,36
17.2622950819672,27.1475409836066,37
5.45283018867925,5.47169811320755,38
18.4615384615385,5.46153846153846,39
4.6,17.9,40
5.5,14.5,41
12,30.5,42
18.7966101694915,7.71186440677966,43
11.2727272727273,32.7272727272727,44
17.3636363636364,3.36363636363636,45
11.5,34,46
10,6.5,47
15.6451612903226,4.67741935483871,48
14,30,49
13,33,50
13.8888888888889,32.8888888888889,51
13.9268292682927,32.4390243902439,52
18.9268292682927,32.4390243902439,53
13.6271186440678,25.1186440677966,54
16.8448275862069,14.1034482758621,55
16.3333333333333,31.25,56
14,32,57
7.25,32.25,58
6.25,26.2142857142857,59
17.6271186440678,31.8813559322034,60
5.98333333333333,18.9333333333333,61
5.73469387755102,19.2448979591837,62
5.77777777777778,19.7592592592593,63
4.91666666666667,17.5,64
20.3396226415094,4.39622641509434,65
16.8,32.3,66
14.9375,33.3958333333333,67
15.4285714285714,33.5714285714286,68
7.57142857142857,22.5714285714286,69
5.10526315789474,11.6315789473684,70
17.9464285714286,5.01785714285714,71
17.9090909090909,33,72
7.14285714285714,20.3469387755102,73
5.5,8.5,74
18.9,3.6,75
13.125,33.1428571428571,76
8,33.5,77
9,33,78
9.4,33.1,79
11.5348837209302,33.4418604651163,80
18,31.5833333333333,81
15.4285714285714,31.8571428571429,82
10.5384615384615,25.4615384615385,83
10.75,25.2647058823529,84
20.271186440678,4.83050847457627,85
18.484375,30.515625,86
11,30.5,87
13,33.5,88
10,31,89
9.5,17.1,90
7.43137254901961,17.0392156862745,91
7,14.5,92
20,3.40384615384615,93
18,3.375,94
14.3928571428571,32.3214285714286,95
14.4444444444444,32.4444444444444,96
6.92982456140351,27.4912280701754,97
5.42857142857143,23.4285714285714,98
6.12698412698413,17.9047619047619,99
18.1147540983607,31.344262295082,100
16,33,101
11.1724137931034,21.3448275862069,102
10.8064516129032,8.82258064516129,103
15.9365079365079,3.38095238095238,104
9.5,16,105
9.51785714285714,16.4821428571429,106
9.51785714285714,16.4821428571429,107
9.51785714285714,16.4821428571429,108
9.54545454545454,16.5454545454545,109
9.62264150943396,16.6415094339623,110
9.29508196721311,17.7540983606557,111
9.29508196721311,17.7540983606557,112
9.29508196721311,17.7540983606557,113
9.32142857142857,17.2857142857143,114
9.32142857142857,17.2857142857143,115
9,17.5,116
8.96296296296296,17.9259259259259,117
8.6530612244898,18.1224489795918,118
8.6530612244898,18.1224489795918,119
8.6530612244898,18.1224489795918,120
9,18,121
8.96296296296296,17.9259259259259,122
9,18,123
8.6530612244898,18.1224489795918,124
8.7,18.2,125
8.7,18.2,126
10.0408163265306,33.4489795918367,127
18.0909090909091,2.95454545454545,128
4.91666666666667,5.5,129
20.5833333333333,5.08333333333333,130
21.3529411764706,9.17647058823529,131
5.36363636363636,21.3636363636364,132
17.1607142857143,4.125,133
14.9166666666667,8.41666666666667,134
17.9,32.4,135
14.5555555555556,32.5555555555556,136
6.57446808510638,32.5531914893617,137
8.75,29.25,138
16.6470588235294,31.8235294117647,139
16.0681818181818,33.0454545454545,140
8.11111111111111,31.8518518518519,141
8.07547169811321,31.9056603773585,142
6.95918367346939,30.5510204081633,143
20.2033898305085,25.728813559322,144
19.5,28,145
19.4754098360656,28.9672131147541,146
18.6785714285714,5.60714285714286,147
20.109375,19.140625,148
12.530303030303,18.5151515151515,149
12.484375,17.453125,150
12.4,17.6307692307692,151
12.4603174603175,17.5238095238095,152
12.4615384615385,17.5230769230769,153
11.9375,17.015625,154
11.8923076923077,17.0461538461538,155
11.875,17.109375,156
11.9206349206349,17.0793650793651,157
11.8923076923077,17.0461538461538,158
11.875,17.109375,159
18.2950819672131,5.85245901639344,160
11.3103448275862,4.1551724137931,161
18.6785714285714,8.71428571428571,162
13.9166666666667,19.4166666666667,163
12.5423728813559,9.96610169491525,164
5,16,165
5,16,166
5,16,167
5,16,168
5,16,169
5,16,170
5,16,171
5,16,172
5,16,173
5,16,174
5,16,175
14,29,176
4,15.5,177
4,15.5,178
4.32142857142857,15.7142857142857,179
4.36363636363636,15.6363636363636,180
4.40740740740741,15.5740740740741,181
4.36363636363636,15.6363636363636,182
4.36363636363636,15.6363636363636,183
4.36363636363636,15.6363636363636,184
4.36363636363636,15.6363636363636,185
4.40740740740741,15.5740740740741,186
4.31481481481481,16.6481481481481,187
4.27272727272727,16.7272727272727,188
4.40740740740741,16.5740740740741,189
4.40740740740741,16.5740740740741,190
4.40740740740741,16.5740740740741,191
4.3728813559322,16.1016949152542,192
4.40740740740741,16.5740740740741,193
4.40740740740741,16.5740740740741,194
4.32142857142857,16.7142857142857,195
4.40740740740741,16.5740740740741,196
4.40740740740741,16.5740740740741,197
4.3728813559322,16.1016949152542,198
4.40740740740741,16.5740740740741,199
4.58620689655172,18.948275862069,200
20.9347826086957,20.0434782608696,201
20.5,5.5,202
10.8253968253968,22.8730158730159,203
6.5,31,204
16,31.03125,205
12.6571428571429,15.9428571428571,206
12.484375,15.484375,207
13.6666666666667,8.16666666666667,208
13.4193548387097,7.88709677419355,209
14.8125,6.8125,210
20.4716981132075,4.43396226415094,211
19.8947368421053,4.94736842105263,212
14.9420289855072,7.49275362318841,213
6,15.2727272727273,214
7.51612903225806,19.5483870967742,215
7.46031746031746,19.5555555555556,216
7.51612903225806,19.5483870967742,217
7.46031746031746,19.5555555555556,218
7.46031746031746,19.5555555555556,219
7.46031746031746,19.5555555555556,220
7.46031746031746,19.5555555555556,221
7.46031746031746,19.5555555555556,222
7.46031746031746,19.5555555555556,223
7.46031746031746,19.5555555555556,224
7.46031746031746,19.5555555555556,225
10.2698412698413,30.3492063492063,226
18,5.5,227
8.97619047619048,4.09523809523809,228
19.3157894736842,3.36842105263158,229
14.5471698113208,31.0754716981132,230
13.9487179487179,33.4358974358974,231
15,33.5,232
15.4285714285714,33.4285714285714,233
14.5,32.5,234
17.5,32.5714285714286,235
6.88888888888889,23.1111111111111,236
5.68518518518519,14.6666666666667,237
5,8,238
5,7,239
5.04347826086957,7.06521739130435,240
4.92682926829268,7.4390243902439,241
5,8,242
5.05555555555556,8.03703703703704,243
8,2.90697674418605,244
16.7796610169492,4.30508474576271,245
4.5,5.5,246
17.5384615384615,30.5384615384615,247
14.5384615384615,31.5384615384615,248
15.3333333333333,32.3333333333333,249
14.9,33.4,250
8.27272727272727,28.3636363636364,251
11.231884057971,4.76811594202899,252
19.0731707317073,3.5609756097561,253
19.9166666666667,20.4166666666667,254
21.2727272727273,30.2727272727273,255
18.8235294117647,32.3529411764706,256
19.2727272727273,32.3636363636364,257
18.3928571428571,32.4107142857143,258
16.4,33,259
14.9848484848485,33.030303030303,260
13.9268292682927,32.4390243902439,261
9,28,262
16.8,7.3,263
17.4230769230769,4.88461538461539,264
5.07317073170732,8.4390243902439,265
9.421875,16.421875,266
9.38461538461539,15.3846153846154,267
9.38461538461539,15.3846153846154,268
9.38461538461539,15.3846153846154,269
12.8923076923077,3.93846153846154,270
14.5,32,271
14.1346153846154,32.4038461538462,272
18.5,32.5,273
17.5384615384615,31.4615384615385,274
17.0769230769231,31.0769230769231,275
17.4285714285714,30.9285714285714,276
18.0923076923077,30.0615384615385,277
16.5285714285714,31.1,278
13,33,279
10.8524590163934,32.6229508196721,280
9.94444444444444,32.037037037037,281
11.3333333333333,33.6666666666667,282
13.9,33.7,283
14.8,33.7,284
13.6379310344828,33.5862068965517,285
13.6304347826087,32.6086956521739,286
12.6785714285714,17.2857142857143,287
20.3333333333333,10.1666666666667,288
20.3166666666667,13.8833333333333,289
18.6666666666667,31.1666666666667,290
18.8813559322034,31.3559322033898,291
19.1194029850746,31.5970149253731,292
19.0769230769231,32.0769230769231,293
18.5,31,294
18.0769230769231,31,295
15.4166666666667,29.9166666666667,296
13.0441176470588,29.8676470588235,297
19.5714285714286,30,298
20.265625,31.28125,299
17.2881355932203,32.7966101694915,300
13.2727272727273,32.7272727272727,301
20.7551020408163,29.734693877551,302
18.9508196721311,13.5081967213115,303
11.2459016393443,3.29508196721311,304
17.5423728813559,31.9661016949153,305
19.4461538461538,27.4923076923077,306
8,3,307
19.2727272727273,19.2727272727273,308
18.8181818181818,19.8181818181818,309
18.5,21,310
18.3636363636364,20.2727272727273,311
19,20.5,312
15,29.1111111111111,313
13.3076923076923,32.3076923076923,314
16,32.625,315
15.875,33.375,316
15.875,33.375,317
15.875,33.375,318
15.875,33.375,319
15.875,33.375,320
15.1016949152542,27.3220338983051,321
11.7272727272727,6.72727272727273,322
20.890625,28.875,323
13.3636363636364,33.3636363636364,324
8.92857142857143,32.7857142857143,325
7.61538461538461,32.4615384615385,326
20.6086956521739,15.5,327
20.4444444444444,16.5555555555556,328
21.25,14.75,329
21.2950819672131,14.7540983606557,330
21.2950819672131,14.7540983606557,331
21.2950819672131,14.7540983606557,332
21.3333333333333,14.8333333333333,333
21.25,14.8333333333333,334
21.2950819672131,14.7540983606557,335
20.9032258064516,15.4677419354839,336
20.1746031746032,15.7460317460317,337
20.5423728813559,18.5762711864407,338
20.5423728813559,18.5762711864407,339
20.5423728813559,18.5762711864407,340
20.578125,19,341
20.5423728813559,18.5762711864407,342
20.578125,19,343
20.3728813559322,18.8983050847458,344
20.6190476190476,19.0634920634921,345
20.5384615384615,19.0769230769231,346
20.578125,19,347
20.578125,19,348
20.6190476190476,19.0634920634921,349
20.6190476190476,19.0634920634921,350
20.578125,19,351
20.5423728813559,18.5762711864407,352
20.6190476190476,19.0634920634921,353
20.4074074074074,18.4259259259259,354
20.578125,19,355
20.65625,18.671875,356
20.8676470588235,18.8382352941176,357
20.6190476190476,19.0634920634921,358
20.65625,18.671875,359
18.109375,6.0625,360
6.5,27.5,361
19.8163265306122,3.26530612244898,362
18.9076923076923,4.93846153846154,363
13.448275862069,4.03448275862069,364
11.4615384615385,14.4615384615385,365
6.63636363636364,31.3636363636364,366
5.56896551724138,27.9137931034483,367
5.94915254237288,27.5254237288136,368
20.125,28.1607142857143,369
20.9491525423729,30.4915254237288,370
20.1875,30.21875,371
19.578125,30.578125,372
19.3728813559322,30.8813559322034,373
14.5531914893617,31.5744680851064,374
16.9,3.6,375
14.3768115942029,20.0869565217391,376
10.4615384615385,30.0769230769231,377
8.06666666666667,31.6333333333333,378
8.5,32,379
8.36363636363636,29.6363636363636,380
8.10606060606061,29.8484848484848,381
8.69230769230769,30.2307692307692,382
9,32.5,383
16.8888888888889,31.8518518518519,384
18.9365079365079,32.6190476190476,385
19,32.578125,386
19,32.578125,387
18,32.5,388
17,31.625,389
17.9565217391304,31.9347826086957,390
16.3469387755102,32.8571428571429,391
16,33,392
16.4705882352941,32.9411764705882,393
16.0769230769231,32.5384615384615,394
17.9268292682927,31.5609756097561,395
20.6851851851852,28.2962962962963,396
21.2727272727273,12.7272727272727,397
21,12,398
17.9508196721311,14.6065573770492,399
18.9565217391304,15.9347826086957,400
17.84375,5.234375,401
9.16666666666667,29.3333333333333,402
18.1666666666667,32.3333333333333,403
20.1724137931034,32.3448275862069,404
18.95,31.4,405
14.952380952381,12.9047619047619,406
17.5606060606061,30.6060606060606,407
17.952380952381,30.4761904761905,408
18,30.5,409
17.6363636363636,30.6363636363636,410
17.4716981132075,32.4339622641509,411
15.5,33.5,412
11.5,33,413
7.01639344262295,31.4426229508197,414
5.1,23.6,415
4.55102040816327,15.9591836734694,416
11.1129032258065,23.3387096774194,417
11.125,21.109375,418
11.4761904761905,20.5079365079365,419
11.5,20.578125,420
16.9491525423729,5.42372881355932,421
19.2881355932203,31.8135593220339,422
18.4761904761905,31.952380952381,423
18.3333333333333,31.8333333333333,424
18,32,425
17.9848484848485,31.9545454545455,426
17.5,30,427
11.0491803278689,29.5081967213115,428
12.625,31.875,429
16.4444444444444,33.4444444444444,430
16.4090909090909,33.3863636363636,431
16.4090909090909,33.3863636363636,432
16.9090909090909,33,433
16.5,33.5,434
17.0731707317073,33.5609756097561,435
16.5,33.5,436
16.875,33.375,437
17,31.9090909090909,438
12.9166666666667,13.5833333333333,439
18.5471698113208,12.9245283018868,440
11.3387096774194,30.2258064516129,441
11.5,28.5,442
11.3846153846154,29.3846153846154,443
11.8059701492537,29.3582089552239,444
11.8529411764706,29.3676470588235,445
12,30,446
12.015625,30.0625,447
11.9076923076923,30.9384615384615,448
12.5,31,449
13.5,31,450
12.5483870967742,31.9838709677419,451
13.4166666666667,32.0833333333333,452
17,32,453
5.55555555555556,32.4444444444444,454
5.88888888888889,32.1111111111111,455
5.90909090909091,32.0909090909091,456
5.40740740740741,31.5925925925926,457
4.5,27,458
5,27,459
5.33333333333333,24.3333333333333,460
13.4545454545455,30.5454545454545,461
13.0793650793651,30.9206349206349,462
13.3174603174603,30.6825396825397,463
13.6470588235294,30.8235294117647,464
12.983606557377,31.5573770491803,465
16.5737704918033,31.9672131147541,466
15.6271186440678,33.0169491525424,467
10.4313725490196,32.0392156862745,468
16.8181818181818,31.8181818181818,469
19.5254237288136,25.9322033898305,470
8.5,24,471
16.8301886792453,4.81132075471698,472
12.9090909090909,2.95454545454545,473
5.875,3.625,474
17.9444444444444,31.962962962963,475
19.5,23.5,476
20.5,9.91666666666667,477
20.3166666666667,9.78333333333333,478
20.8125,8.765625,479
13.4528301886792,16.4716981132075,480
13.5,16.5,481
13.6229508196721,8.04918032786885,482
11.6086956521739,29.6304347826087,483
11.4074074074074,29.4074074074074,484
12.5849056603774,33.3584905660377,485
13.5283018867925,33.4528301886792,486
19.135593220339,27.3728813559322,487
17.5555555555556,3.55555555555556,488
20.9285714285714,8.01785714285714,489
15.59375,30.546875,490
14.96875,31.046875,491
14.6724137931034,30.8620689655172,492
14.9846153846154,30.9076923076923,493
14.28125,26.25,494
18.3333333333333,31.8333333333333,495
17.3636363636364,32.3636363636364,496
17.3928571428571,32.4107142857143,497
17.3928571428571,32.4107142857143,498
16.8235294117647,32.3529411764706,499
7.40384615384615,31.1346153846154,500
5.61363636363636,25.5909090909091,501
9.27272727272727,11.7272727272727,502
17.2307692307692,23.3076923076923,503
20.4833333333333,22.0333333333333,504
18.3333333333333,30.8333333333333,505
18.3214285714286,30.7142857142857,506
18.5471698113208,29.9245283018868,507
17.8125,30.625,508
18.5,31,509
18.5,31,510
18.5423728813559,31.4237288135593,511
17.9508196721311,30.5245901639344,512
16.3928571428571,32.4107142857143,513
8.5,32.5,514
13.4545454545455,3.27272727272727,515
12.4262295081967,3.9672131147541,516
12.375,3.4375,517
18.8727272727273,3.92727272727273,518
16.7777777777778,32.7777777777778,519
16.3333333333333,33.3333333333333,520
10.8,32.7,521
6.09090909090909,26.0909090909091,522
5.31481481481481,25.2962962962963,523
7.10526315789474,5.91228070175439,524
9.5,20.5,525
9.6271186440678,30.8983050847458,526
9.63076923076923,31.4153846153846,527
15.5,29.5,528
14.7272727272727,28.7272727272727,529
14.6086956521739,29.1594202898551,530
14.9508196721311,28.4918032786885,531
14.6551724137931,29.8275862068966,532
14.578125,29.4375,533
14.9275362318841,29.6521739130435,534
14.8260869565217,29.6086956521739,535
14.8260869565217,29.6811594202899,536
15.0615384615385,29.9076923076923,537
14.5,29.5,538
14.3676470588235,29.2205882352941,539
16.5925925925926,8.42592592592593,540
7.96610169491525,19.4576271186441,541
16.6440677966102,32.1016949152542,542
15.5483870967742,33.4677419354839,543
15.6190476190476,33.4920634920635,544
15,32,545
13.8125,24.109375,546
9,3.5,547
19.4255319148936,3.4468085106383,548
19.875,31.828125,549
19.7,32.2,550
20.1111111111111,32.1111111111111,551
19.9565217391304,31.9347826086957,552
17.5,29.5,553
11.0666666666667,30.6333333333333,554
11.25,29.75,555
12.0666666666667,29.6333333333333,556
12.7272727272727,31.3636363636364,557
9.36363636363636,28.7272727272727,558
4.4468085106383,4.97872340425532,559
20.6470588235294,29.8235294117647,560
17.3636363636364,32.3636363636364,561
19.1,31.4,562
13.7272727272727,26.7272727272727,563
14.5423728813559,16.5762711864407,564
21.3148148148148,20.3518518518519,565
20.5862068965517,29.3620689655172,566
13.75,15.9166666666667,567
13.1129032258065,3.33870967741935,568
5,31,569
16,28.910447761194,570
16.3809523809524,29.1904761904762,571
19.9166666666667,5.41666666666667,572
18.8235294117647,3.64705882352941,573
9.45454545454546,30.4545454545455,574
6.41025641025641,2.94871794871795,575
13.4769230769231,29.5692307692308,576
14.1875,29.890625,577
14.7384615384615,30.2,578
17,29.5,579
16.5862068965517,28.948275862069,580
17.34375,29.640625,581
18.3666666666667,31.2,582
18.4528301886792,31.9245283018868,583
18.2727272727273,31.5454545454545,584
18.3684210526316,31.4385964912281,585
18.5925925925926,31.4259259259259,586
19.7777777777778,30.7777777777778,587
19.9166666666667,30.4166666666667,588
20.2881355932203,27.8135593220339,589
19.7586206896552,30.2586206896552,590
19.5833333333333,26.9166666666667,591
12.9850746268657,29.0597014925373,592
13.2413793103448,29.7413793103448,593
10.5925925925926,32.5740740740741,594
13.0491803278689,30.5737704918033,595
13.2727272727273,30.6363636363636,596
12.9166666666667,30.5,597
14.4285714285714,32.5714285714286,598
14.5,33,599
14.4390243902439,31.0731707317073,600
16.9591836734694,32.4489795918367,601
16.4090909090909,32.3863636363636,602
16,32.5,603
15.0714285714286,33.4642857142857,604
15.0526315789474,33.4035087719298,605
14.6333333333333,33.4333333333333,606
15.1481481481481,33.537037037037,607
NaN,NaN,608
14.5593220338983,33.4915254237288,609
16.125,32.625,610
16.5,32.5,611
16,32.5,612
15.9565217391304,32.9347826086956,613
15.5833333333333,32,614
14.3636363636364,32.3636363636364,615
14.6271186440678,33.0169491525424,616
14.1320754716981,33.0754716981132,617
16.0731707317073,32.5609756097561,618
15.5,32.5,619
13.4166666666667,32.8958333333333,620
10.8,33.3,621
12.5,32.5,622
12.5,34,623
12.5,33,624
16.9016393442623,31.4262295081967,625
18.0491803278689,21.4918032786885,626
19.5555555555556,3.55555555555556,627
7.375,3.25,628
21.4074074074074,5.57407407407407,629
12.8474576271186,4.40677966101695,630
8.5,3,631
11.5873015873016,4.63492063492064,632
15.4285714285714,3.42857142857143,633
15,3.375,634
14.9268292682927,3.4390243902439,635
14.7843137254902,3.37254901960784,636
16.0731707317073,3.4390243902439,637
13.4090909090909,3.61363636363636,638
14.8888888888889,3.88888888888889,639
14.15,3.4,640
13.9268292682927,3.4390243902439,641
14.1111111111111,3.88888888888889,642
14.4285714285714,3.42857142857143,643
14.15,3.4,644
13.9268292682927,3.4390243902439,645
13.85,3.4,646
13.1,3.6,647
13.5555555555556,3.55555555555556,648
16.5744680851064,3.4468085106383,649
15.9268292682927,3.4390243902439,650
12.6304347826087,3.39130434782609,651
10,3,652
11.9090909090909,2.95454545454545,653
13.9090909090909,2.95454545454545,654
14.5777777777778,3.35555555555556,655
13.5,3.5,656
14.2051282051282,3.33333333333333,657
13.5,3.5,658
14.5,3.5,659
13.4285714285714,3.42857142857143,660
15,3.5,661
14.25,3.29545454545455,662
14.3695652173913,3.39130434782609,663
15.3636363636364,3.40909090909091,664
15.280701754386,3.3859649122807,665
13.3636363636364,3.40909090909091,666
14,3.5,667
13.4285714285714,3.42857142857143,668
NaN,NaN,669
14.9183673469388,3.46938775510204,670
14.8653846153846,3.40384615384615,671
14,3.40384615384615,672
14.5,3,673
8.5,3,674
8.91176470588235,2.94117647058824,675
13.4081632653061,2.95918367346939,676
19.74,3.32,677
16.9268292682927,3.4390243902439,678
15.280701754386,3.3859649122807,679
15.4237288135593,3.45762711864407,680
15.4237288135593,3.45762711864407,681
8.23076923076923,2.88461538461538,682
15.3636363636364,3.40909090909091,683
14.9183673469388,3.46938775510204,684
14.4,3.9,685
13.8653846153846,3.40384615384615,686
14.4313725490196,3.96078431372549,687
11,3,688
10.9090909090909,2.95454545454545,689
4.6,17.1,690
12.8163265306122,3.26530612244898,691
12.8653846153846,3.40384615384615,692
15.9117647058824,2.94117647058824,693
16.0731707317073,3.4390243902439,694
15.25,3.29545454545455,695
14.8679245283019,3.84905660377358,696
14.9583333333333,3.52083333333333,697
14.1,3.6,698
14.74,3.32,699
16.3636363636364,3.40909090909091,700
15.462962962963,3.51851851851852,701
15.530612244898,3.95918367346939,702
16.3636363636364,3.40909090909091,703
15.875,3.375,704
14.9411764705882,3.35294117647059,705
NaN,NaN,706
14.9245283018868,3.45283018867925,707
15.2,3.29090909090909,708
15.4186046511628,3.46511627906977,709
15.1,3.6,710
15.5555555555556,3.55555555555556,711
15.4285714285714,3.95918367346939,712
14.5,3,713
13.8163265306122,3.26530612244898,714
14.74,3.32,715
14.7843137254902,3.37254901960784,716
16.3636363636364,3.40909090909091,717
15.74,3.32,718
15.875,3.41666666666667,719
16,3,720
17.3636363636364,3.40909090909091,721
15.5,3,722
16.280701754386,3.3859649122807,723
14,3,724
16.3636363636364,3.29545454545455,725
17,3,726
14.7843137254902,3.37254901960784,727
15.0408163265306,3.55102040816327,728
15.4255319148936,3.4468085106383,729
15,3.90909090909091,730
13.3529411764706,4.05882352941176,731
10.5,3,732
14.3636363636364,3.29545454545455,733
13.9268292682927,3.4390243902439,734
14.9268292682927,3.4390243902439,735
13.8163265306122,3.36734693877551,736
14.2708333333333,3.83333333333333,737
14.4186046511628,3.46511627906977,738
14.9268292682927,3.4390243902439,739
17.9230769230769,3.33333333333333,740
15.8653846153846,3.40384615384615,741
15.3636363636364,3.27272727272727,742
16.1,3.6,743
16.7843137254902,3.37254901960784,744
17.2888888888889,3.35555555555556,745
17.3695652173913,3.39130434782609,746
16.8679245283019,3.84905660377358,747
16.7843137254902,3.37254901960784,748
16.2888888888889,3.35555555555556,749
15.2777777777778,3.24074074074074,750
15.7843137254902,3.37254901960784,751
15.4385964912281,3.36842105263158,752
12.5593220338983,3.88135593220339,753
NaN,NaN,754
15.3928571428571,3.41071428571429,755
9.5,3,756
15.8372093023256,2.90697674418605,757
16.25,3.29545454545455,758
16.3090909090909,3.29090909090909,759
17.3636363636364,3.40909090909091,760
16.7407407407407,3.7962962962963,761
16.4313725490196,3.96078431372549,762
16.3636363636364,3.29545454545455,763
17.5,3,764
17.4285714285714,3.42857142857143,765
16.875,3.375,766
17.375,3.875,767
15.4081632653061,2.95918367346939,768
15.3090909090909,3.29090909090909,769
15.74,3.32,770
13.0222222222222,4.02222222222222,771
15.74,3.32,772
13.4307692307692,4.47692307692308,773
17.7948717948718,3.33333333333333,774
17.5,3,775
16.9117647058824,2.94117647058824,776
16.875,3.375,777
16.85,3.4,778
17,3.375,779
18.9245283018868,3.45283018867925,780
18.5,3.5,781
16.7142857142857,3.26530612244898,782
15,3,783
16.5,3,784
15.8163265306122,3.26530612244898,785
17.5,3,786
16.9117647058824,2.94117647058824,787
16.9117647058824,2.94117647058824,788
16.5,3,789
15.875,3.375,790
16.3636363636364,3.29545454545455,791
17,3.375,792
15.2777777777778,3.24074074074074,793
14.5,3.32142857142857,794
14.5,3,795
13.7222222222222,3.24074074074074,796
8,3,797
15.5,3,798
16.4102564102564,2.94871794871795,799
17,3.5,800
15.4081632653061,2.95918367346939,801
18.1836734693878,3.26530612244898,802
15.7142857142857,3.32142857142857,803
16.0731707317073,3.4390243902439,804
13.8653846153846,3.40384615384615,805
14.85,3.4,806
16.5,3.5,807
14.5744680851064,3.4468085106383,808
16.5,3,809
21.3148148148148,24.6481481481481,810
15.0882352941176,11.5588235294118,811
5.6,32.9,812
8.5,33,813
17.9365079365079,31.4603174603175,814
14.8947368421053,20.6315789473684,815
12.5384615384615,4.53846153846154,816
18.0909090909091,2.95454545454545,817
17,3,818
17,3,819
16.9117647058824,2.94117647058824,820
17.0882352941176,2.94117647058824,821
19.9117647058824,2.94117647058824,822
12.6666666666667,24.1666666666667,823
9.4406779661017,14.0338983050847,824
10.4716981132075,32.4339622641509,825
8.44444444444444,32.4444444444444,826
8.7,31.8,827
7.5,32.5,828
6.57446808510638,32.5531914893617,829
13.1194029850746,30.8358208955224,830
20.125,22.375,831
20.6470588235294,24.8235294117647,832
18.8333333333333,10.6666666666667,833
19.9242424242424,5.77272727272727,834
10.0967741935484,28.4677419354839,835
12,32,836
12.5609756097561,31.9268292682927,837
13.4081632653061,33.0204081632653,838
14,33,839
14,33,840
14.5,33,841
13.2222222222222,32.2222222222222,842
16.3333333333333,13.8333333333333,843
20.3606557377049,10.9016393442623,844
4.7,4.8,845
13.5,3,846
16,29.5,847
15.5892857142857,29.6071428571429,848
5.23076923076923,29.7692307692308,849
7.42553191489362,32.5531914893617,850
7.46,32.98,851
10.5,32.6086956521739,852
10.4444444444444,32.6666666666667,853
11.0512820512821,32.4358974358974,854
11.0512820512821,32.4358974358974,855
12.3333333333333,32.6666666666667,856
11.3157894736842,32.6315789473684,857
12.6304347826087,32.6086956521739,858
18.0350877192982,30.8947368421053,859
18.2857142857143,31.3214285714286,860
16.8392857142857,32.0535714285714,861
16.1346153846154,32.5961538461538,862
15.890625,28.875,863
15.5,4,864
17.5245901639344,3.9672131147541,865
13.5614035087719,3.36842105263158,866
20,28.5,867
20.3,30.2,868
18.3695652173913,32.3913043478261,869
18.5,32,870
16.1764705882353,32.6470588235294,871
15.6071428571429,32.5892857142857,872
15.6842105263158,32.6315789473684,873
10.4545454545455,31.4545454545455,874
8.5,32.5,875
8.5,32.5,876
9.57446808510638,31.5531914893617,877
15.2727272727273,32.2727272727273,878
10.9166666666667,33.4166666666667,879
11.4590163934426,25.9672131147541,880
21.5,3.5,881
14.5614035087719,3.45614035087719,882
15,3,883
20.578125,29,884
19.6379310344828,30.2068965517241,885
20.0153846153846,29.9538461538462,886
18.8970588235294,31.4705882352941,887
19.5185185185185,30.4814814814815,888
4.625,31.125,889
15.6271186440678,9.88135593220339,890
19,31.5,891
15.5686274509804,32.0392156862745,892
15.9565217391304,31.9347826086957,893
15.0754716981132,31.5471698113208,894
13.4444444444444,32.4444444444444,895
12.6666666666667,31.5555555555556,896
10.5909090909091,32.3863636363636,897
10.8518518518519,32.1296296296296,898
11.9411764705882,32.5490196078431,899
16.4262295081967,31.0327868852459,900
13.9672131147541,22.4262295081967,901
13.3125,4.375,902
17,3,903
7.90740740740741,2.96296296296296,904
18.5,3,905
10.7592592592593,12.7777777777778,906
7.33333333333333,31.6666666666667,907
7.578125,11.578125,908
20.1551724137931,19.6896551724138,909
19.5531914893617,32.5744680851064,910
19.4444444444444,32.4444444444444,911
19.1,32.5,912
14.8985507246377,31.3188405797101,913
4.9672131147541,28.4262295081967,914
16,3.40384615384615,915
12.6363636363636,7.63636363636364,916
12,31,917
11.0833333333333,31.4166666666667,918
11.9661016949153,31.4576271186441,919
12.5,30,920
13.4,30.05,921
13.3448275862069,30.1724137931034,922
13.0833333333333,30.375,923
12.5471698113208,29.9245283018868,924
12.9166666666667,29.5833333333333,925
12.2903225806452,29.741935483871,926
13.1111111111111,29.9365079365079,927
5.42857142857143,30.4285714285714,928
5.98387096774194,29.0645161290323,929
6.83018867924528,31.188679245283,930
6.4,31.1,931
11.0408163265306,32.4489795918367,932
11.5555555555556,33.3888888888889,933
13.1111111111111,32.1111111111111,934
12.3529411764706,32.843137254902,935
13,34,936
16.6666666666667,32.3333333333333,937
NaN,NaN,938
14.2830188679245,21.2830188679245,939
12,3.5,940
13.9152542372881,3.47457627118644,941
18,3,942
9.10144927536232,27.6811594202899,943
9.5,23,944
9.93103448275862,23.3965517241379,945
15,3,946
5.44444444444444,30.4444444444444,947
14.4745762711864,32.9322033898305,948
12.5892857142857,31.3928571428571,949
12,31.8888888888889,950
13,32.5,951
12.0512820512821,32.4358974358974,952
12.125,32.375,953
14.0491803278689,32.4590163934426,954
15,32.0909090909091,955
15.4444444444444,32.4444444444444,956
14.3333333333333,32.3333333333333,957
16.4754098360656,32.0327868852459,958
20.3863636363636,26.5909090909091,959
8,2.90697674418605,960
18.948275862069,3.51724137931034,961
