x,y,t
12.3636363636364,34.3636363636364,1
14.0754716981132,33.5471698113208,2
14.6666666666667,34.3333333333333,3
14.1,34.4,4
14,33.625,5
14.0434782608696,33.9347826086956,6
13.734693877551,33.7551020408163,7
13.3695652173913,34.3913043478261,8
11.5,35,9
10.1111111111111,32.8888888888889,10
10.08,32.38,11
11.5925925925926,33.4074074074074,12
13.9411764705882,34.4509803921569,13
11,34,14
11,34,15
11.1,33.7,16
10.6666666666667,33.6666666666667,17
11.1,33.7,18
11.1764705882353,34.3529411764706,19
10.6666666666667,34.3333333333333,20
11.4444444444444,34.5555555555556,21
11.5555555555556,34.4444444444444,22
11.5,35,23
11.5555555555556,34.4444444444444,24
11,34.5,25
11,34.5,26
11.5555555555556,34.4444444444444,27
11.5555555555556,34.4444444444444,28
11.875,34.375,29
11.9268292682927,34.5609756097561,30
11.5,35,31
11.5,35,32
11.5,35,33
10.9487179487179,34.5641025641026,34
11.5,35,35
11.5,35,36
11.5,35,37
10.9487179487179,34.5641025641026,38
10.9487179487179,34.5641025641026,39
10.9487179487179,34.5641025641026,40
11.5,35,41
11.5,35,42
11.5,35,43
11.5,35,44
10.5909090909091,34.3863636363636,45
10.5510204081633,33.9591836734694,46
10.5510204081633,33.9591836734694,47
11,34.5,48
11,34,49
12.4285714285714,34.5714285714286,50
12.5714285714286,34.5714285714286,51
12.5714285714286,34.5714285714286,52
12.5714285714286,34.5714285714286,53
12.5714285714286,34.5714285714286,54
12.5714285714286,34.5714285714286,55
12.5714285714286,34.5714285714286,56
12.5714285714286,34.5714285714286,57
12.5714285714286,34.5714285714286,58
12.5714285714286,34.5714285714286,59
12.5714285714286,34.5714285714286,60
12.5714285714286,34.5714285714286,61
12.5714285714286,34.5714285714286,62
12.5714285714286,34.5714285714286,63
12.5714285714286,34.5714285714286,64
12.5714285714286,34.5714285714286,65
12.5714285714286,34.5714285714286,66
12.5714285714286,34.5714285714286,67
12.5714285714286,34.5714285714286,68
12.5714285714286,34.5714285714286,69
12.5714285714286,34.5714285714286,70
12.5714285714286,34.5714285714286,71
12.5714285714286,34.5714285714286,72
12.5714285714286,34.5714285714286,73
12.5714285714286,34.5714285714286,74
12.5714285714286,34.5714285714286,75
12.5714285714286,34.5714285714286,76
12.5714285714286,34.5714285714286,77
11.6666666666667,34.3333333333333,78
8.01851851851852,33.037037037037,79
8.09090909090909,33,80
10.4444444444444,32.4444444444444,81
9.66666666666667,32.3333333333333,82
10.5,32.5,83
12,34,84
12.5555555555556,34.4444444444444,85
12,34.625,86
11.9268292682927,34.5609756097561,87
11.9268292682927,34.5609756097561,88
11.9268292682927,34.5609756097561,89
12.4,34.1,90
12.4285714285714,34.5714285714286,91
12.5,35,92
12.5,35,93
12.5,35,94
12.5,35,95
12.5,35,96
12.5,35,97
12.4285714285714,34.5714285714286,98
12.4285714285714,34.5714285714286,99
12.5,35,100
12.4285714285714,34.5714285714286,101
12.5,35,102
12.5,35,103
12.5,35,104
11.9268292682927,34.5609756097561,105
11.4285714285714,34.5714285714286,106
12,34.5,107
11.9268292682927,34.5609756097561,108
13.6666666666667,34.3333333333333,109
15.4,32.9,110
16.3928571428571,32.4107142857143,111
14.9016393442623,33.3606557377049,112
11,32.5,113
10.0754716981132,32.4528301886792,114
10.5909090909091,32.3863636363636,115
12.1224489795918,33.3469387755102,116
11.5,33,117
12.5714285714286,32.9591836734694,118
13.1111111111111,34.1111111111111,119
13,34,120
13,34,121
13.0681818181818,34.0454545454545,122
13,34,123
13,34,124
13,34,125
13,34,126
13,34,127
13.125,33.625,128
13,34,129
13.125,33.625,130
13,34,131
13,34,132
13.125,33.625,133
13,34,134
13.125,33.625,135
13,34,136
13.125,33.625,137
13.5555555555556,33.6666666666667,138
15.1764705882353,33.6470588235294,139
15.1,33.6,140
15.1764705882353,33.6470588235294,141
15.1,33.6,142
15.1764705882353,33.6470588235294,143
15.1764705882353,33.6470588235294,144
15.1,33.6,145
15.1764705882353,33.6470588235294,146
15.1,33.6,147
15.1,33.6,148
15.1764705882353,33.6470588235294,149
15.1,33.6,150
15.1,33.6,151
15.1764705882353,33.6470588235294,152
15.1,33.6,153
15.1764705882353,33.6470588235294,154
15.1,33.6,155
15.1,33.6,156
15.1,33.6,157
15.1,33.6,158
15.1764705882353,33.6470588235294,159
15.1764705882353,33.6470588235294,160
14.9245283018868,33.4528301886792,161
15.1,33.6,162
15.6666666666667,33.3333333333333,163
15.0754716981132,33.5471698113208,164
15.0754716981132,33.5471698113208,165
15.0754716981132,33.5471698113208,166
15.0754716981132,33.5471698113208,167
15.0754716981132,33.5471698113208,168
15.0754716981132,33.5471698113208,169
15.0754716981132,33.5471698113208,170
15.0754716981132,33.5471698113208,171
15.0754716981132,33.5471698113208,172
15.0754716981132,33.5471698113208,173
15.0754716981132,33.5471698113208,174
15.0754716981132,33.5471698113208,175
15.0754716981132,33.5471698113208,176
15.0754716981132,33.5471698113208,177
15,33.5,178
15,33.5,179
15,33.5,180
15,33.5,181
15,33.5,182
15,33.5,183
15,33.5,184
15,33.5,185
15.0754716981132,33.5471698113208,186
15.0754716981132,33.5471698113208,187
15.0754716981132,33.5471698113208,188
15.0754716981132,33.5471698113208,189
15,33.5,190
15,33.5,191
15,33.5,192
15,33.5,193
15,33.5,194
15,33.5,195
15,33.5,196
15,33.5,197
15,33.5,198
15,33.5,199
15,33.5,200
15,33.5,201
15.0754716981132,33.5471698113208,202
15,33.5,203
15,33.5,204
15.6666666666667,33.3333333333333,205
19,32.5961538461538,206
11.0377358490566,33.9245283018868,207
7.5,32.5,208
7.04081632653061,32.4489795918367,209
12.4285714285714,34.4285714285714,210
17.7,31.2,211
17.6,31.1,212
19.0714285714286,32.0535714285714,213
15.8775510204082,33.3469387755102,214
12,34,215
15.1764705882353,33.6470588235294,216
15,33.5,217
15.1346153846154,33.5961538461538,218
15.1764705882353,33.6470588235294,219
15.1764705882353,33.6470588235294,220
15.1764705882353,33.6470588235294,221
15.1764705882353,33.6470588235294,222
15.6304347826087,33.6086956521739,223
19.0754716981132,32.5471698113208,224
18.5744680851064,32.5531914893617,225
11.875,34.375,226
11.9268292682927,34.4390243902439,227
12,34.5,228
11.9268292682927,34.4390243902439,229
11.9268292682927,34.4390243902439,230
11.9268292682927,34.4390243902439,231
11.9268292682927,34.4390243902439,232
12,34.5,233
11.9268292682927,34.4390243902439,234
11.9268292682927,34.4390243902439,235
11.9268292682927,34.4390243902439,236
11.9268292682927,34.4390243902439,237
11.9268292682927,34.4390243902439,238
11.9268292682927,34.4390243902439,239
11.9268292682927,34.4390243902439,240
11.9268292682927,34.4390243902439,241
11.9268292682927,34.4390243902439,242
11.9268292682927,34.4390243902439,243
11.9268292682927,34.4390243902439,244
11.9268292682927,34.4390243902439,245
11.9268292682927,34.4390243902439,246
11.9268292682927,34.4390243902439,247
11.9268292682927,34.4390243902439,248
11.9268292682927,34.4390243902439,249
11.9268292682927,34.4390243902439,250
11.9268292682927,34.4390243902439,251
11.9268292682927,34.4390243902439,252
11.875,34.375,253
11.9268292682927,34.4390243902439,254
11.875,34.375,255
12.5,34,256
12,34,257
12,34.5,258
12,34.5,259
12,34.5,260
12,34.5,261
12,34.5,262
12,34.5,263
12,34.5,264
12,34.5,265
12,34.5,266
12,34.5,267
11.9268292682927,34.4390243902439,268
12,34.5,269
12,34.5,270
12,34.5,271
11.9268292682927,34.4390243902439,272
11.9268292682927,34.4390243902439,273
11.9268292682927,34.4390243902439,274
11.9268292682927,34.4390243902439,275
11.9268292682927,34.4390243902439,276
11.9268292682927,34.4390243902439,277
12,34.5,278
12,34.5,279
12,34.5,280
12,34.5,281
12,34.5,282
12,34.5,283
11.9268292682927,34.4390243902439,284
12,34.5,285
12,34.5,286
11.9268292682927,34.4390243902439,287
11.9268292682927,34.4390243902439,288
11.9268292682927,34.4390243902439,289
11.9268292682927,34.4390243902439,290
11.9268292682927,34.4390243902439,291
11.9268292682927,34.4390243902439,292
11.9268292682927,34.4390243902439,293
11.9268292682927,34.4390243902439,294
11.9268292682927,34.4390243902439,295
11.9268292682927,34.4390243902439,296
11.9268292682927,34.4390243902439,297
11.9268292682927,34.4390243902439,298
11.9268292682927,34.4390243902439,299
11.9268292682927,34.4390243902439,300
11.9268292682927,34.4390243902439,301
11.9268292682927,34.4390243902439,302
12,34.375,303
12.4285714285714,34.4285714285714,304
12.5,34,305
17.1764705882353,32.6470588235294,306
19.3695652173913,32.6086956521739,307
19,32.5,308
15.9090909090909,32.0909090909091,309
15.5737704918033,32.0491803278689,310
5.7,28.2,311
11.0454545454545,5.03030303030303,312
8.07142857142857,7.03571428571429,313
12.5714285714286,10.3928571428571,314
12.8181818181818,11.1818181818182,315
12.7,10.8,316
12.5769230769231,10.8846153846154,317
12.9649122807018,10.9824561403509,318
12.9649122807018,10.9824561403509,319
12.9649122807018,10.9824561403509,320
12.5769230769231,10.8846153846154,321
13,11.1276595744681,322
8.5609756097561,6.07317073170732,323
7.62,7.08,324
7.93478260869565,7.06521739130435,325
7.11111111111111,7,326
7,6.625,327
13.0508474576271,16.4745762711864,328
17.8571428571429,13.6530612244898,329
7.47058823529412,8.94117647058824,330
20,10,331
20.5,9.5,332
20.5,9.5,333
8,15.5,334
20,8.5,335
14.5,7,336
15.4385964912281,5.63157894736842,337
15.5,5.5,338
15.5,5.5,339
10.9649122807018,6.01754385964912,340
7.07272727272727,7.87272727272727,341
10.2727272727273,5.27272727272727,342
12.5737704918033,8.0327868852459,343
11,10,344
13.3728813559322,26.1186440677966,345
8.58333333333333,31.0833333333333,346
16,32,347
5.35294117647059,23.1764705882353,348
5.27272727272727,20.3636363636364,349
5.3695652173913,8.39130434782609,350
5.54545454545455,12.4545454545455,351
17.0909090909091,33.0909090909091,352
18.8235294117647,33.3529411764706,353
18.9821428571429,32.9464285714286,354
10.4074074074074,7.59259259259259,355
14.9318181818182,3.97727272727273,356
13.9830508474576,10.4237288135593,357
12.9285714285714,9.03571428571429,358
12.9821428571429,9.05357142857143,359
12.9245283018868,9.54716981132075,360
12.9411764705882,8.64705882352941,361
12.6666666666667,9.33333333333333,362
12.6666666666667,9.33333333333333,363
12.6666666666667,9.33333333333333,364
13,9,365
13.1,8.7,366
12.9,9.3,367
13.0588235294118,8.64705882352941,368
13.0731707317073,8.5609756097561,369
13.0652173913043,9.06521739130435,370
13.5714285714286,9.42857142857143,371
13.1764705882353,8.64705882352941,372
12.5,8,373
12.5,9,374
10.9090909090909,13.0909090909091,375
5.42857142857143,12.4285714285714,376
10.7272727272727,25.2727272727273,377
10,32.5,378
8.03571428571429,8.05357142857143,379
8.41666666666667,8.08333333333333,380
8,23,381
6.8,4.6,382
14.75,3.375,383
13,6,384
5,13,385
8,29.5,386
7.18181818181818,28.8181818181818,387
7.56666666666667,28.9,388
9.10526315789474,32.3684210526316,389
9.98305084745763,32.4237288135593,390
15.4918032786885,32.9508196721311,391
11.4285714285714,33.4285714285714,392
10.1111111111111,31.8888888888889,393
18.5,33,394
19,13.5,395
18,9.5,396
17.4390243902439,9.07317073170732,397
17.5,9,398
19.3,8.2,399
13.9591836734694,13.4489795918367,400
6.04081632653061,24.4285714285714,401
4.68518518518519,20.3518518518519,402
4.96610169491525,7.49152542372881,403
12.0178571428571,14.9464285714286,404
11.5245901639344,14.9508196721311,405
11.125,14.9464285714286,406
10.4363636363636,15.5272727272727,407
10.4074074074074,15.5925925925926,408
9.9672131147541,15.4754098360656,409
15.5,8.5,410
15.8235294117647,8.35294117647059,411
16,8,412
15.5744680851064,8.4468085106383,413
15.875,8.375,414
16,8.5,415
15.875,8.375,416
15.8888888888889,8,417
15.9565217391304,7.93478260869565,418
15.9565217391304,7.93478260869565,419
15.9565217391304,7.93478260869565,420
15.9565217391304,7.93478260869565,421
15.9565217391304,7.93478260869565,422
17,12.5,423
17,12.5,424
16.9268292682927,12.4390243902439,425
16.4528301886792,11.4716981132075,426
16.5,11.5,427
11.3863636363636,9.59090909090909,428
11.3,9.2,429
10.5471698113208,10.0754716981132,430
9.86274509803922,10.3333333333333,431
9.86274509803922,10.3333333333333,432
9.86274509803922,10.3333333333333,433
9.86274509803922,10.3333333333333,434
9.86274509803922,10.3333333333333,435
9.86274509803922,10.3333333333333,436
9.75510204081633,10.265306122449,437
9.75510204081633,10.265306122449,438
9.86274509803922,10.3333333333333,439
9.86274509803922,10.3333333333333,440
9.42857142857143,10.3928571428571,441
9.51785714285714,10.3928571428571,442
10.5,11,443
10.4390243902439,11.0731707317073,444
11.5714285714286,9.39285714285714,445
11.4390243902439,10.0731707317073,446
11.5,10,447
11.5609756097561,9.92682926829268,448
11.4390243902439,10.0731707317073,449
11.5609756097561,9.92682926829268,450
11.9268292682927,9.5609756097561,451
11.4390243902439,9.92682926829268,452
9.85185185185185,11.1296296296296,453
13.9661016949153,12.5423728813559,454
9.6304347826087,10.6086956521739,455
11,13,456
14.7,9.2,457
14.5,9,458
15.1698113207547,7.18867924528302,459
17.1132075471698,12.9433962264151,460
20.8888888888889,5.11111111111111,461
6.5,5,462
17.0882352941176,2.94117647058824,463
17.5,3,464
14.5,8,465
9.27272727272727,12.3636363636364,466
19.3214285714286,28.2857142857143,467
13.0408163265306,33.4489795918367,468
7.5,19.5,469
9.22222222222222,19.2222222222222,470
11.1230769230769,18.1692307692308,471
12.6964285714286,11.6607142857143,472
12.4576271186441,10.4237288135593,473
12.7,9.2,474
12.5,8,475
13.4528301886792,7.47169811320755,476
12.5,8,477
6.92727272727273,16.8727272727273,478
16.6785714285714,24.2857142857143,479
18.9464285714286,17.9821428571429,480
18.7,16.8,481
19.0508474576271,16.4406779661017,482
18.3728813559322,16.1864406779661,483
18.9411764705882,16.4705882352941,484
21.375,14.125,485
9.55102040816327,5.95918367346939,486
10.6271186440678,16.8813559322034,487
16,28.5,488
17.1111111111111,26.1111111111111,489
15,27,490
8.40384615384615,11.1346153846154,491
8.09090909090909,9,492
8,9.5,493
8,9.5,494
8,9.5,495
8,9.5,496
7.94117647058824,9.52941176470588,497
7.45283018867925,6.07547169811321,498
7.06521739130435,5.06521739130435,499
7.07317073170732,5.5609756097561,500
7.05882352941176,5.54901960784314,501
7.43137254901961,6.03921568627451,502
8,5.5,503
7.88888888888889,5.11111111111111,504
7.55555555555556,5.44444444444444,505
7.92682926829268,4.5609756097561,506
7.92682926829268,4.5609756097561,507
7.92682926829268,4.5609756097561,508
6.02222222222222,6.97777777777778,509
6.03703703703704,6.92592592592593,510
6.40740740740741,7.57407407407407,511
6.40740740740741,7.57407407407407,512
6.40740740740741,7.57407407407407,513
6.40740740740741,7.57407407407407,514
6.40740740740741,7.57407407407407,515
6.40740740740741,7.57407407407407,516
6.45454545454545,7.54545454545455,517
6.40740740740741,7.57407407407407,518
6.40740740740741,7.57407407407407,519
6.45283018867925,7.52830188679245,520
6.40740740740741,7.57407407407407,521
6.45283018867925,7.52830188679245,522
6.40740740740741,7.57407407407407,523
6.40740740740741,7.57407407407407,524
6.40740740740741,7.57407407407407,525
6.45283018867925,7.52830188679245,526
6.58928571428571,7.39285714285714,527
6.40740740740741,7.57407407407407,528
6.5,7.5,529
6.5,7.5,530
6.40740740740741,7.57407407407407,531
6.45454545454545,7.54545454545455,532
6.45454545454545,7.54545454545455,533
6.58928571428571,7.39285714285714,534
6.5,7.5,535
6.5,7.5,536
6.45283018867925,7.52830188679245,537
6.45454545454545,7.54545454545455,538
6.45454545454545,7.54545454545455,539
6.63636363636364,7.36363636363636,540
6.5,7.5,541
6.58928571428571,7.39285714285714,542
6.5,7.5,543
6.40740740740741,7.57407407407407,544
6.5,7.5,545
6.5,7.5,546
5.6530612244898,8.12244897959184,547
5.6530612244898,8.12244897959184,548
6.05357142857143,8.01785714285714,549
6.01818181818182,7.94545454545455,550
6,8,551
6.05357142857143,8.01785714285714,552
6.05357142857143,8.01785714285714,553
6.05357142857143,8.01785714285714,554
6.05357142857143,8.01785714285714,555
6.05357142857143,8.01785714285714,556
6.05357142857143,8.01785714285714,557
6.05357142857143,8.01785714285714,558
6.05357142857143,8.01785714285714,559
6.05357142857143,8.01785714285714,560
6.05357142857143,8.01785714285714,561
6.05357142857143,8.01785714285714,562
6.05357142857143,8.01785714285714,563
6.05357142857143,8.01785714285714,564
6.05357142857143,8.01785714285714,565
6.05357142857143,8.01785714285714,566
6.05357142857143,8.01785714285714,567
6.05357142857143,8.01785714285714,568
6.35294117647059,7.82352941176471,569
6.05357142857143,8.01785714285714,570
6.05357142857143,8.01785714285714,571
6.05357142857143,8.01785714285714,572
6.05357142857143,8.01785714285714,573
6.05357142857143,8.01785714285714,574
6.05357142857143,8.01785714285714,575
6.05357142857143,8.01785714285714,576
6.35294117647059,7.82352941176471,577
6.35294117647059,7.82352941176471,578
6.05357142857143,8.01785714285714,579
6.35294117647059,7.82352941176471,580
6.35294117647059,7.82352941176471,581
6.35294117647059,7.82352941176471,582
6.05357142857143,8.01785714285714,583
6.05357142857143,8.01785714285714,584
6.4,7.9,585
6.35294117647059,7.82352941176471,586
6.35294117647059,7.82352941176471,587
6.05357142857143,8.01785714285714,588
6.35294117647059,7.82352941176471,589
6.35294117647059,7.82352941176471,590
6.35294117647059,7.82352941176471,591
6.35294117647059,7.82352941176471,592
6.35294117647059,7.82352941176471,593
6.4,7.9,594
6.35294117647059,7.82352941176471,595
6.35294117647059,7.82352941176471,596
6.05357142857143,8.01785714285714,597
6.09090909090909,8.09090909090909,598
6.5,7.5,599
6.44444444444444,7.44444444444444,600
6.55555555555556,7.55555555555556,601
6,7.5,602
6.375,7.875,603
6,8,604
6,8,605
6.04081632653061,6.42857142857143,606
7.5,6,607
14.7796610169492,7.28813559322034,608
19.6851851851852,7.7037037037037,609
9.38095238095238,8.47619047619048,610
5.94915254237288,28.5084745762712,611
16,31.578125,612
17.1186440677966,27.3728813559322,613
20.9545454545455,31.0681818181818,614
20.4716981132075,30.5660377358491,615
19.530612244898,27.0408163265306,616
20.3214285714286,19.2857142857143,617
19.537037037037,19.462962962963,618
19.4310344827586,19.9137931034483,619
19.3,18.2,620
10,9,621
11.9,6.43333333333333,622
5.2,9.4,623
5.11538461538461,9.51923076923077,624
6.90909090909091,16.0909090909091,625
8.24137931034483,10.7413793103448,626
16.5,3,627
16.5,3,628
8,10.5,629
12.5,30,630
14.7142857142857,32.3214285714286,631
9.33333333333333,31.3333333333333,632
19.5740740740741,30.6111111111111,633
20.5714285714286,29.5714285714286,634
20.625,30,635
20.5609756097561,31.9268292682927,636
17,25,637
17,25,638
11.6363636363636,7.63636363636364,639
13.4545454545455,5.36363636363636,640
14,5.5,641
15.5686274509804,5.96078431372549,642
17.4444444444444,14.5555555555556,643
16.4489795918367,11.0408163265306,644
15.9777777777778,10.9777777777778,645
16.5,11,646
16.5,12,647
16.9591836734694,8.57142857142857,648
16.4468085106383,8.02127659574468,649
16.6470588235294,7.82352941176471,650
16.5,8.5,651
17,8,652
16.625,8,653
16.5,8,654
16.1111111111111,7.88888888888889,655
16.5,8,656
16.4444444444444,7.55555555555556,657
16.7272727272727,8.27272727272727,658
16.8,8.7,659
16.5609756097561,7.92682926829268,660
16.5609756097561,7.92682926829268,661
16.5609756097561,7.92682926829268,662
16.5609756097561,8.07317073170732,663
16.5,8,664
16.5609756097561,7.92682926829268,665
16.6086956521739,8.5,666
8,7,667
7.47058823529412,6.94117647058824,668
7.5,6.9,669
7.55555555555556,6.55555555555556,670
7.5,6.5,671
7.5,6,672
7.5,5.5,673
7.5,5.5,674
7.07317073170732,6.5609756097561,675
7.07317073170732,6.5609756097561,676
7.5,6.5,677
7.42857142857143,6.42857142857143,678
7.42857142857143,6.42857142857143,679
7.5,6,680
7.42857142857143,6.42857142857143,681
7.07317073170732,5.5609756097561,682
7.5,6.5,683
7.5,6.5,684
7.5,6.5,685
7.5,6.5,686
7.42857142857143,6.42857142857143,687
7.5,6.5,688
7.5,6.5,689
7.5,6.5,690
7.5,6.5,691
7.5,6.5,692
7.5,6.5,693
7.07317073170732,6.4390243902439,694
7.5,6.5,695
7,5.5,696
7,4,697
6.57692307692308,3.88461538461538,698
6.7,3.8,699
7.44444444444444,6.44444444444444,700
7.5,6.5,701
7.07317073170732,6.5609756097561,702
7.07317073170732,6.4390243902439,703
7.5,5.5,704
7.5,5.5,705
7.5,5.5,706
7.625,6,707
7.5,6.5,708
7.5,6.5,709
7.07317073170732,6.5609756097561,710
8.24489795918367,7.26530612244898,711
8.87234042553191,8,712
8.5609756097561,8.92682926829268,713
8.5,9,714
9.04081632653061,7.57142857142857,715
9,7.5,716
9,7.5,717
9,7.5,718
8.6,6.9,719
9.6271186440678,6.11864406779661,720
10.8870967741935,7.41935483870968,721
13.1186440677966,30.3728813559322,722
12.4313725490196,31.9607843137255,723
19.3333333333333,14.3333333333333,724
19.375,14.875,725
19.375,14.875,726
19,15,727
15.5636363636364,7.47272727272727,728
15.4727272727273,7.56363636363636,729
15.0731707317073,7.4390243902439,730
15.4390243902439,7.07317073170732,731
15.0731707317073,7.4390243902439,732
15.9268292682927,7.5609756097561,733
17.1428571428571,6.6530612244898,734
12.7777777777778,6.77777777777778,735
7.03703703703704,14.0555555555556,736
6.3,17.2,737
6,16.5,738
6.36363636363636,12.6363636363636,739
6.17647058823529,6.64705882352941,740
6.36363636363636,5.36363636363636,741
6.57627118644068,5.54237288135593,742
6.46153846153846,5.23076923076923,743
5.75438596491228,5.29824561403509,744
5.76785714285714,5.30357142857143,745
6,5.5,746
5.67857142857143,5.28571428571429,747
6,5.5,748
6,5.5,749
6,5.5,750
6.15,5.3,751
6.15,5.3,752
6.19672131147541,5.26229508196721,753
6.27868852459016,5.18032786885246,754
6.21428571428571,4.75,755
6.21428571428571,4.75,756
6.48333333333333,4.9,757
6.1969696969697,4.89393939393939,758
6.18181818181818,4.78787878787879,759
6.1969696969697,4.89393939393939,760
6.48333333333333,4.9,761
6.13846153846154,4.83076923076923,762
6.54098360655738,4.9672131147541,763
6.63333333333333,4.8,764
6.13846153846154,4.83076923076923,765
6.27692307692308,4.73846153846154,766
6.27692307692308,4.73846153846154,767
6.10526315789474,4.91228070175439,768
6.21666666666667,5.31666666666667,769
6.23809523809524,5.38095238095238,770
6.25806451612903,5.32258064516129,771
6.27868852459016,5.27868852459016,772
6.10526315789474,5,773
6.10526315789474,5,774
6.10526315789474,5,775
6.27868852459016,5.27868852459016,776
6.25806451612903,5.32258064516129,777
6.27868852459016,5.27868852459016,778
6.10526315789474,5,779
6.10526315789474,5,780
6.10526315789474,5,781
6.27868852459016,5.27868852459016,782
6.27868852459016,5.27868852459016,783
6.27868852459016,5.27868852459016,784
6.21666666666667,5.31666666666667,785
6.0625,5.9375,786
6.28846153846154,5.88461538461539,787
6.48076923076923,5.88461538461539,788
6.39285714285714,5.57142857142857,789
6,5,790
8.54237288135593,8.03389830508475,791
9.36363636363636,9.63636363636364,792
20.5,9,793
20.4745762711864,7.05084745762712,794
13.7540983606557,5.70491803278689,795
12.5454545454545,5.54545454545455,796
17.5471698113208,25.0754716981132,797
16,31.5,798
15.9649122807018,32.1052631578947,799
15.4468085106383,32.4255319148936,800
12.5,34,801
10.1481481481481,33.8703703703704,802
11.5,33.5,803
12.125,34.625,804
11.0344827586207,33.5172413793103,805
12,33.5,806
13.9821428571429,33.9464285714286,807
13.0612244897959,32.530612244898,808
15.109375,32.8125,809
7.14285714285714,30.6530612244898,810
7,31,811
7.14285714285714,30.6530612244898,812
7.14285714285714,30.6530612244898,813
7.10416666666667,30.5833333333333,814
7.5,31,815
8.01818181818182,20.9454545454545,816
17.962962962963,5.07407407407407,817
12.9591836734694,5.55102040816327,818
12,10.5,819
15.9830508474576,11.5593220338983,820
8.03703703703704,8.05555555555556,821
5.66666666666667,29.3333333333333,822
10.9545454545455,34.0681818181818,823
19,32.5,824
15,32.0909090909091,825
6.57142857142857,31.4285714285714,826
5.7,23.8,827
6,25,828
5.39130434782609,23.6304347826087,829
5.22222222222222,9.22222222222222,830
5.63636363636364,9.54545454545454,831
5.0625,9.0625,832
5.07317073170732,9.4390243902439,833
6,9,834
5.52459016393443,7.14754098360656,835
7.04761904761905,5.11111111111111,836
4.96428571428571,5.92857142857143,837
8,11,838
18.0454545454545,31.0681818181818,839
16.0943396226415,5.92452830188679,840
18,7,841
17.8888888888889,6.88888888888889,842
21,14.5,843
20.1,25.6,844
20,26,845
11.0983606557377,19.3606557377049,846
11.0983606557377,19.3606557377049,847
12,18,848
6,16.625,849
6.55555555555556,16.5555555555556,850
5.11111111111111,17.8888888888889,851
5.63636363636364,28.3636363636364,852
14.9090909090909,33.0909090909091,853
18.3636363636364,33.3636363636364,854
18.4166666666667,32.9166666666667,855
8.5,32.5,856
8,32.5,857
8.1,32.4,858
7.92452830188679,32.5471698113208,859
5,21,860
11.5,3,861
15.26,3.32,862
15.2264150943396,3.84905660377358,863
16.2040816326531,3.38775510204082,864
15,2.5,865
17.0588235294118,3.45098039215686,866
16.3333333333333,3.66666666666667,867
15.5555555555556,3.55555555555556,868
15.0731707317073,3.5609756097561,869
15.9268292682927,3.4390243902439,870
16.8727272727273,3.92727272727273,871
16.5,3.9,872
17,3.5,873
13.2777777777778,3.24074074074074,874
13.4444444444444,3.44444444444444,875
13.5348837209302,3.55813953488372,876
13.5,3,877
13.4285714285714,3.42857142857143,878
12.5,3,879
12.5,3,880
12.5,3,881
12.5,3,882
12.5,3,883
12.5,3,884
12.5,3,885
12.5,3,886
12.5,3,887
12.5,3,888
12.5,3,889
12.5,3,890
12.5,3,891
12.5,3,892
12.4102564102564,2.94871794871795,893
12.5,3,894
12.5,3,895
12.4102564102564,2.94871794871795,896
12.5,3,897
12.4102564102564,2.94871794871795,898
12.4102564102564,2.94871794871795,899
12.4102564102564,2.94871794871795,900
12.4102564102564,2.94871794871795,901
12.4102564102564,2.94871794871795,902
12.4102564102564,2.94871794871795,903
12.4102564102564,2.94871794871795,904
12.4102564102564,2.94871794871795,905
12.4102564102564,2.94871794871795,906
12.4102564102564,2.94871794871795,907
12.4102564102564,2.94871794871795,908
12.4102564102564,2.94871794871795,909
12.4102564102564,2.94871794871795,910
12.4102564102564,2.94871794871795,911
12.4102564102564,2.94871794871795,912
12.4102564102564,2.94871794871795,913
13.5,3,914
12.0588235294118,3.54901960784314,915
10.3636363636364,3.27272727272727,916
18.2542372881356,3.30508474576271,917
11.03125,12.046875,918
17.4769230769231,24.5692307692308,919
20.0909090909091,32.0909090909091,920
6,27,921
9.90909090909091,14.0909090909091,922
5.14285714285714,7.44897959183673,923
5.2,7.4,924
13.1186440677966,17.3728813559322,925
18.8888888888889,24.1111111111111,926
12.6530612244898,12.8571428571429,927
9,6.5,928
9.43076923076923,32.5230769230769,929
18.5744680851064,32.5531914893617,930
19.8888888888889,33,931
19.4313725490196,30.9607843137255,932
19.1,32.4,933
19,32.5961538461538,934
18.9245283018868,32.5471698113208,935
17.9245283018868,32.5471698113208,936
18,32.5,937
11,33.9814814814815,938
6.45454545454545,30.4545454545455,939
8.1875,11.109375,940
8.2037037037037,11.2407407407407,941
8.10526315789474,7.17543859649123,942
7.85185185185185,6.85185185185185,943
7.77966101694915,7.20338983050847,944
8.06521739130435,6.93478260869565,945
8,6.5,946
8.20338983050847,6.77966101694915,947
8.10169491525424,7.08474576271186,948
8.10526315789474,7.17543859649123,949
8.52459016393443,7.14754098360656,950
8.10169491525424,7.08474576271186,951
8.45283018867925,7.92452830188679,952
7.91666666666667,7.5,953
8.20338983050847,7.69491525423729,954
8.23880597014925,7.23880597014925,955
8.1551724137931,7.10344827586207,956
7.7,7.2,957
8,7,958
8.3,6.8,959
7.63636363636364,7.63636363636364,960
7.68518518518519,7.64814814814815,961
