x,y,t
8.57377049180328,34.0327868852459,1
7.57377049180328,34.0327868852459,2
19.5806451612903,7.46774193548387,3
12.0980392156863,31.921568627451,4
19,36,5
14.5,35,6
10.5,4.5,7
14,2.5,8
14,2.5,9
14,2.5,10
11.5,2.5,11
12,2.5,12
NaN,NaN,13
11.5,2.5,14
11.5,2.5,15
11.5,2.5,16
12,2.5,17
11.5,2.5,18
NaN,NaN,19
12,3,20
11.5,2.5,21
11,2.5,22
11.5862068965517,2.93103448275862,23
11.5,2.5,24
12,2.5,25
11.5,2.5,26
10,4,27
NaN,NaN,28
9.40677966101695,2.96610169491525,29
7.3015873015873,6.31746031746032,30
21,4.5,31
16.1428571428571,33.1904761904762,32
17.3684210526316,35.1052631578947,33
12.6212121212121,6.15151515151515,34
NaN,NaN,35
NaN,NaN,36
15.5079365079365,38.4444444444444,37
14.9,38.7,38
15.1764705882353,38.6470588235294,39
15.6140350877193,38.8771929824561,40
16.1296296296296,38.8703703703704,41
16.0943396226415,38.9245283018868,42
15.4074074074074,38.5925925925926,43
15.4074074074074,38.5925925925926,44
13.6842105263158,36.6315789473684,45
16.4561403508772,30.0175438596491,46
12.8513513513514,17.8243243243243,47
NaN,NaN,48
4.89795918367347,32.9591836734694,49
16.4255319148936,37.5531914893617,50
18.0151515151515,6.04545454545455,51
16.6136363636364,16.4090909090909,52
13,3,53
10,3,54
14.5833333333333,37.8958333333333,55
14.0512820512821,37.4358974358974,56
14.8,37.3,57
15.6481481481481,37.3148148148148,58
5.96610169491525,28.5762711864407,59
NaN,NaN,60
13.5961538461538,33.4615384615385,61
16,39,62
10,5,63
16.4576271186441,5.03389830508475,64
3.44186046511628,35.5348837209302,65
6.5,35.5,66
5.92682926829268,35.5609756097561,67
10.875,33.9464285714286,68
16.9545454545455,36.0681818181818,69
16.1111111111111,35.8888888888889,70
15.1224489795918,35.6530612244898,71
9.80952380952381,35.1428571428571,72
8,33,73
7.07317073170732,10.5609756097561,74
9.31578947368421,23.3684210526316,75
4,7.5,76
8,35,77
18,35.5,78
18.5,37,79
4,34,80
6.53968253968254,5.52380952380952,81
13.5,2.5,82
17.9268292682927,3.4390243902439,83
12,2.5,84
7,37,85
17.1228070175439,34.6140350877193,86
12.051724137931,35.4137931034483,87
11.1034482758621,38.3275862068966,88
14.8888888888889,36.8888888888889,89
12.5,30.5,90
12.3,5.2,91
14.5,2.5,92
13.5,2.5,93
13.5238095238095,6.53968253968254,94
14,30.5,95
10.2222222222222,2.77777777777778,96
18.9117647058824,2.94117647058824,97
20,19.5,98
17.4285714285714,37.5714285714286,99
12.5714285714286,3.42857142857143,100
12,2.5,101
16.4098360655738,33.5737704918033,102
8,37,103
10.7592592592593,3.25925925925926,104
19,37,105
6,36,106
9.56896551724138,3.96551724137931,107
9.66666666666667,2.91666666666667,108
6.5,2.5,109
19.0689655172414,18.6034482758621,110
11.9344262295082,36.0819672131148,111
17.4098360655738,37.655737704918,112
18.9365079365079,36.8571428571429,113
14.25,38.75,114
13,38.578125,115
15.6481481481481,37.3148148148148,116
11.1475409836066,19.8524590163934,117
9.19298245614035,33.7017543859649,118
6.9,35.4,119
6.44444444444444,35.4444444444444,120
6.42857142857143,35.4285714285714,121
7.36363636363636,34.3636363636364,122
6.42857142857143,35.4285714285714,123
5.92682926829268,35.5609756097561,124
6.3469387755102,34.8571428571429,125
9.35849056603774,24.5849056603774,126
18,36.5,127
4.890625,32.9375,128
15,38,129
13,3,130
4.5,37,131
5.92682926829268,35.5609756097561,132
6,35.5,133
8.77777777777778,34.7777777777778,134
7.38805970149254,33.910447761194,135
17.6363636363636,23.3636363636364,136
6.421875,4.421875,137
19.7924528301887,3.30188679245283,138
4,8,139
3,35,140
6.87755102040816,35.6530612244898,141
5.875,35.625,142
6.125,35.625,143
10,36,144
18,37,145
8,30,146
7.40816326530612,29.6530612244898,147
8,29.5,148
6.66129032258065,27.5645161290323,149
6.92682926829268,35.4390243902439,150
7.57142857142857,34.5714285714286,151
8.63636363636364,22.6363636363636,152
8.85245901639344,3.37704918032787,153
22,5.5,154
9,2.5,155
11.4509803921569,32.9411764705882,156
14.6034482758621,5.06896551724138,157
18.3965517241379,33.948275862069,158
17.5087719298246,36.0701754385965,159
17.7719298245614,35.280701754386,160
18,37.2033898305085,161
17.1481481481481,36.8703703703704,162
16.4237288135593,36.5423728813559,163
5.92452830188679,36.9056603773585,164
14.1111111111111,36.8888888888889,165
7.92682926829268,35.5609756097561,166
16.25,11.25,167
17.0862068965517,38.4310344827586,168
15.6363636363636,38.3636363636364,169
9.56060606060606,27.0757575757576,170
15.1971830985915,35.6478873239437,171
15.2222222222222,37.7777777777778,172
15.625,37.875,173
16.1666666666667,38.4166666666667,174
16.2962962962963,38.6851851851852,175
15.6666666666667,38.3333333333333,176
16.6363636363636,38.3636363636364,177
16.0731707317073,38.4390243902439,178
17.1228070175439,36.6140350877193,179
17.4354838709677,35.4032258064516,180
16.9,36.6,181
12.5714285714286,26.4285714285714,182
6.375,34.125,183
13.1086956521739,27.4347826086957,184
17.5,37,185
16.6071428571429,36.4107142857143,186
14.9444444444444,36.037037037037,187
12.1,35.4,188
4.4390243902439,32.9268292682927,189
15.5,3,190
11.5,2.5,191
14.5,2.5,192
18.5925925925926,34.4259259259259,193
12.9285714285714,5.42857142857143,194
6,32.5,195
8.42857142857143,34.5714285714286,196
8.5,35,197
9.92857142857143,35.0357142857143,198
8,34.625,199
7.05128205128205,34.4358974358974,200
8.5609756097561,34.0731707317073,201
10,3,202
9.33333333333333,33.8627450980392,203
9.51851851851852,33.4814814814815,204
9.87037037037037,33.8703703703704,205
9.90566037735849,33.9245283018868,206
11,32.5,207
18.4358974358974,24.9487179487179,208
15.4225352112676,5.53521126760563,209
5.65957446808511,3.70212765957447,210
NaN,NaN,211
13.6323529411765,7.16176470588235,212
18.6842105263158,5.63157894736842,213
12.5438596491228,33.9649122807018,214
16.6716417910448,6.17910447761194,215
19.6415094339623,22.5849056603774,216
18,36.5,217
8.5,34.5,218
8.16666666666667,34.3333333333333,219
5.625,37.9166666666667,220
9.18867924528302,37.8301886792453,221
14.6481481481481,38.3148148148148,222
14.2962962962963,38.6851851851852,223
16.5106382978723,38.9148936170213,224
16.4791666666667,38.9791666666667,225
16.0338983050847,38.5423728813559,226
16.2931034482759,37.7413793103448,227
8.27272727272727,31.7272727272727,228
12.5531914893617,32.9787234042553,229
18.0454545454545,35.9318181818182,230
12.0769230769231,24.0769230769231,231
12.1016949152542,3.6271186440678,232
18.6379310344828,3.41379310344828,233
18.1,37.4,234
15.6129032258065,38.3225806451613,235
10,15.5,236
8.08333333333333,7.25,237
15.1346153846154,33.1153846153846,238
10.5223880597015,20.9253731343284,239
NaN,NaN,240
18.4285714285714,36.5714285714286,241
18.5,38.5,242
18.5,39,243
18,38.5,244
17.4716981132075,38.5660377358491,245
4.56410256410256,36.0512820512821,246
4.44186046511628,33.4651162790698,247
8.22033898305085,37.3050847457627,248
17.5555555555556,37.6666666666667,249
8.50980392156863,32.5882352941176,250
17.6666666666667,2.91666666666667,251
16.135593220339,36.6101694915254,252
17.1754385964912,37.8947368421053,253
7.04081632653061,26.4489795918367,254
14.5,3,255
8,2.5,256
19.8676470588235,7.95588235294118,257
17.6984126984127,6.68253968253968,258
7,2.5,259
7,34.5,260
13.8125,38.8125,261
9,38,262
13.2258064516129,5.17741935483871,263
5.34042553191489,3.87234042553191,264
NaN,NaN,265
16.8235294117647,36.6470588235294,266
16,36,267
16.0555555555556,35.962962962963,268
15.551724137931,36.0172413793103,269
15.2222222222222,35.7777777777778,270
6.3,18.2,271
15.5,32.5,272
3,33.5,273
6.5,35,274
11.5,33.5,275
11.5,34,276
11,33.5,277
11.0731707317073,33.5609756097561,278
11,33.625,279
10.5172413793103,32.9827586206897,280
13.5,14,281
11.4509803921569,13.5098039215686,282
8.71186440677966,13.1694915254237,283
15.0769230769231,14.9230769230769,284
9.17741935483871,5.7741935483871,285
19.3333333333333,4.66666666666667,286
9.40350877192983,33.1578947368421,287
16,15,288
4.66666666666667,35.3333333333333,289
6.95652173913043,34.9347826086956,290
8.42592592592593,32.4074074074074,291
18.910447761194,36.9850746268657,292
11.8888888888889,38.1111111111111,293
12.5,38,294
14.1666666666667,38.3333333333333,295
14.2,38.3,296
15.5,37,297
15.1111111111111,36.8888888888889,298
6.5,36.5,299
4.11627906976744,36.093023255814,300
6.88888888888889,37.8888888888889,301
14.2539682539683,38.6825396825397,302
17.5,36.5,303
5.92156862745098,11.9019607843137,304
6.91176470588235,2.94117647058824,305
10.1111111111111,38.8888888888889,306
14.4444444444444,3.33333333333333,307
13,21,308
4.42857142857143,37.4285714285714,309
8.38636363636364,38.4090909090909,310
8.44444444444444,38.4444444444444,311
8.5,38.5,312
8.44444444444444,38.4444444444444,313
8.44897959183673,37.9591836734694,314
8.8,38.4,315
8.8,38.4,316
5.2,36.3,317
9.04081632653061,35.4489795918367,318
14.4259259259259,3.59259259259259,319
18.25,36.25,320
13.875,38.9464285714286,321
13.4754098360656,39.0327868852459,322
7.16666666666667,37.3333333333333,323
7.73684210526316,18.7368421052632,324
19.0175438596491,35.5964912280702,325
11.7777777777778,38.7777777777778,326
8.87037037037037,38.8703703703704,327
8,38,328
12,36.0769230769231,329
10.1527777777778,36.8472222222222,330
16.3333333333333,36.5555555555556,331
16.1111111111111,36.8888888888889,332
16.1111111111111,36.8888888888889,333
11.9830508474576,33.4237288135593,334
7.03125,29,335
4,13,336
6.82539682539683,33.1111111111111,337
7.47368421052632,31.6140350877193,338
19.5,34.5,339
14.5531914893617,34.9787234042553,340
14.9574468085106,36.5531914893617,341
14.9545454545455,36.0681818181818,342
15.4285714285714,36.5714285714286,343
15.4285714285714,36.5714285714286,344
15.9565217391304,37.0652173913044,345
15.9545454545455,37.0681818181818,346
16.3469387755102,37.1428571428571,347
15.9487179487179,36.5641025641026,348
16.0681818181818,36.9545454545455,349
16.0681818181818,36.9545454545455,350
16,36.5,351
16.5,37,352
16.4285714285714,36.5714285714286,353
7,35,354
13,11.4285714285714,355
5.63157894736842,33.6842105263158,356
6.44444444444444,35.5555555555556,357
4.66666666666667,5.33333333333333,358
5.32758620689655,32.8965517241379,359
6.5,35.5,360
5.17543859649123,34.1052631578947,361
5.29824561403509,32.8070175438597,362
14.4081632653061,35.9795918367347,363
11.5,27.8333333333333,364
9.94827586206897,32.5862068965517,365
11.4310344827586,33.0862068965517,366
15,36,367
15.1020408163265,36.9591836734694,368
17.6666666666667,33.6666666666667,369
15.1904761904762,37.7619047619048,370
13.7611940298507,36.2835820895522,371
6.5,35.5,372
12.2459016393443,31.2950819672131,373
12,4.5,374
12,3,375
12,2.5,376
11.5,2.5,377
12,2.5,378
NaN,NaN,379
12,2.5,380
12,2.5,381
12,2.5,382
NaN,NaN,383
12,2.5,384
12.5,3,385
NaN,NaN,386
NaN,NaN,387
12,2.5,388
12,2.5,389
8,2.5,390
10,2.5,391
11,2.5,392
11,2.5,393
12,2.5,394
NaN,NaN,395
NaN,NaN,396
8,2.5,397
NaN,NaN,398
7.5,2.5,399
11,2.5,400
8,2.5,401
11.5,2.5,402
11,2.5,403
10,2.5,404
9,8,405
12.5,2.89473684210526,406
8,4,407
9,5,408
8,5,409
7.5,5,410
9,5.5,411
8,5.5,412
8,5.5,413
8,5,414
8,5,415
9.67857142857143,7.71428571428571,416
8.56756756756757,3.97297297297297,417
4,4.5,418
19.3333333333333,2.91666666666667,419
12.40625,8.46875,420
19.5,35.5,421
7.5,4,422
11.3103448275862,32.1724137931034,423
19.4509803921569,35.5098039215686,424
14.0512820512821,3.43589743589744,425
18.0735294117647,5.55882352941176,426
8.55813953488372,4.46511627906977,427
7.11627906976744,3.90697674418605,428
8.5,5,429
8,4.5,430
NaN,NaN,431
8.30769230769231,3.84615384615385,432
7.625,4.125,433
8,4.5,434
15.7941176470588,4.70588235294118,435
13.6379310344828,3.41379310344828,436
12,2.5,437
12,3,438
NaN,NaN,439
NaN,NaN,440
NaN,NaN,441
NaN,NaN,442
11,2.5,443
9,2.5,444
NaN,NaN,445
NaN,NaN,446
NaN,NaN,447
NaN,NaN,448
8,2.5,449
8,2.5,450
11,2.5,451
11,2.5,452
NaN,NaN,453
9,2.5,454
8,2.5,455
10,2.5,456
4.72727272727273,32.7272727272727,457
13.125,29.53125,458
14,3,459
17.6833333333333,13.4166666666667,460
14.5,32,461
14.2881355932203,30.1694915254237,462
15.9821428571429,29.5357142857143,463
16.1551724137931,30.6896551724138,464
16.4561403508772,29.9824561403509,465
14.9516129032258,31.9838709677419,466
15.0322580645161,32.0483870967742,467
14.890625,31.875,468
15.0322580645161,32.0483870967742,469
14.9206349206349,31.9365079365079,470
15.3548387096774,31.3387096774194,471
15.3548387096774,31.3387096774194,472
15.5,33.5,473
13.5531914893617,30.9787234042553,474
17.4390243902439,37.9268292682927,475
12.0769230769231,35.9230769230769,476
7.5,14.5,477
15,29.5,478
15.7096774193548,30.741935483871,479
14.7272727272727,28.7272727272727,480
14,30,481
14.1475409836066,31.1475409836066,482
13.9166666666667,30.8333333333333,483
13.8688524590164,30.8360655737705,484
7.54716981132075,36.4716981132075,485
13.7118644067797,32.1694915254237,486
13,31,487
13.6666666666667,32.15,488
13.6229508196721,32.2295081967213,489
13,31.5,490
13,31,491
14,31.5,492
13.5,31,493
12.7049180327869,31.7377049180328,494
13.2923076923077,31.8615384615385,495
5.60869565217391,33.6304347826087,496
12.2881355932203,33.2033898305085,497
17.5,35.5,498
6.58620689655172,2.93103448275862,499
6.5,3,500
NaN,NaN,501
7.375,31.9166666666667,502
NaN,NaN,503
12,5.5,504
5.46511627906977,3.44186046511628,505
14.9,34.0166666666667,506
10.9166666666667,34.4166666666667,507
5,25.5,508
16.5,28.5,509
15.5714285714286,29.0892857142857,510
15.0166666666667,29.9,511
10.5614035087719,32.6315789473684,512
21.25,6.25,513
15,3,514
13.5,3,515
15.8409090909091,38.8409090909091,516
8.48484848484848,17.0151515151515,517
15.3387096774194,5.7741935483871,518
15.6923076923077,6.30769230769231,519
4,5.5,520
21.5471698113208,5.52830188679245,521
15.7741935483871,3.33870967741935,522
19,31.5,523
4,2.5,524
6.66666666666667,37.3333333333333,525
8,5.5,526
20.5714285714286,4.42857142857143,527
7.625,4.125,528
7.30769230769231,3.84615384615385,529
8,4,530
8,4.5,531
6.41379310344828,2.93103448275862,532
7.43243243243243,3.97297297297297,533
9,4,534
7,4,535
7.625,4.125,536
6.97674418604651,4.04651162790698,537
8,4.5,538
14,3,539
19.5,4.5,540
3.5,35,541
17.125,36.8571428571429,542
14.8870967741935,3.33870967741935,543
7.59183673469388,2.95918367346939,544
8.5,2.5,545
4,2.5,546
5.97619047619048,4.09523809523809,547
6.84905660377358,3.81132075471698,548
20,19,549
4,5.5,550
7.625,4.125,551
7.625,4.125,552
9.8030303030303,12.6969696969697,553
NaN,NaN,554
NaN,NaN,555
8,2.5,556
9.53703703703704,4.81481481481481,557
14.9677419354839,31.0483870967742,558
7.5,2.5,559
20.25,11.75,560
7.40740740740741,35.5740740740741,561
8.86206896551724,34.3275862068966,562
8.95,34.4,563
10.0909090909091,34.0909090909091,564
11.4090909090909,33.3181818181818,565
21,10,566
6.5,2.5,567
11,2.5,568
16.6515151515152,6.10606060606061,569
8.9,7.4,570
19.9090909090909,2.95454545454545,571
17.0408163265306,3.55102040816327,572
16.7272727272727,21.7272727272727,573
12,2.5,574
17.1818181818182,35.1818181818182,575
16.7586206896552,32.2586206896552,576
16.5,31,577
11.655737704918,29.8360655737705,578
11.4081632653061,29.6530612244898,579
12.5531914893617,30.0212765957447,580
12,30,581
14.7272727272727,36.2727272727273,582
17.5,30.5,583
14.4354838709677,30.4193548387097,584
14.5882352941176,30.0588235294118,585
14.6607142857143,29.1607142857143,586
14.1612903225806,28.5967741935484,587
17.6530612244898,31.8775510204082,588
17.5806451612903,27.4677419354839,589
4,4,590
18.9166666666667,36.4166666666667,591
8.1044776119403,35.6119402985075,592
10.0704225352113,38.3802816901408,593
6.22033898305085,37.7118644067797,594
18.0454545454545,35.9545454545455,595
17.5862068965517,36.948275862069,596
7.5,35.5,597
9.41509433962264,33.3584905660377,598
8.24590163934426,32.7049180327869,599
7.46875,34.40625,600
18.0689655172414,5.39655172413793,601
16,3,602
8,2.5,603
7.57142857142857,3.42857142857143,604
7.5,2.5,605
22,6.5,606
14.1129032258065,30.0967741935484,607
15.6271186440678,30.0169491525424,608
16.421875,28.421875,609
16.4736842105263,29.9298245614035,610
15.2727272727273,27.2727272727273,611
15.6666666666667,26.8333333333333,612
15.7049180327869,27.2459016393443,613
16.25,26.75,614
17.1607142857143,30.6428571428571,615
11.1612903225806,14.241935483871,616
4,4.5,617
15.5,3,618
11,11.9230769230769,619
19.8888888888889,6.11111111111111,620
20.3584905660377,7.58490566037736,621
9.03389830508475,12.0847457627119,622
12.25,30.75,623
10.5714285714286,31.0892857142857,624
9,33,625
8.95454545454546,32.9318181818182,626
10.125,31.375,627
10.9487179487179,31.5641025641026,628
16.2962962962963,30.6851851851852,629
5.56896551724138,25.8965517241379,630
NaN,NaN,631
8.5,2.5,632
11,25.5,633
6.5,2.5,634
15.5,36,635
15.7272727272727,36.2727272727273,636
18.1129032258065,35.9032258064516,637
18.6851851851852,36.3333333333333,638
5.59183673469388,5.6530612244898,639
9.11904761904762,4.47619047619048,640
8,5.5,641
NaN,NaN,642
10.875,32.890625,643
11.578125,35.421875,644
16.875,36.625,645
15.7118644067797,3.79661016949153,646
5.69230769230769,11.6923076923077,647
6,5.5,648
16.9821428571429,4.05357142857143,649
20.0689655172414,10.551724137931,650
13.9850746268657,26.9402985074627,651
12.2321428571429,9.73214285714286,652
20.1111111111111,6.88888888888889,653
18.5,37.5,654
18.0588235294118,36.6470588235294,655
17.6304347826087,37.3913043478261,656
17.5555555555556,37.4444444444444,657
17.0731707317073,37.4390243902439,658
17.1,37.4,659
16.6304347826087,37.3913043478261,660
10.6363636363636,35.3636363636364,661
9.88235294117647,27.8039215686275,662
19,35,663
15.3,38.8,664
7.875,37.9464285714286,665
11.2539682539683,5.79365079365079,666
15,5,667
7.5,35,668
8.23809523809524,34.2380952380952,669
6.88135593220339,34.3728813559322,670
9,18,671
5.44444444444444,34.3333333333333,672
6.92156862745098,25.0980392156863,673
7.95081967213115,29.5081967213115,674
7,30.5,675
5.5,33.5,676
5.55813953488372,33.5348837209302,677
4.92682926829268,34.4390243902439,678
14.0681818181818,35.9545454545455,679
13.8983050847458,34.6271186440678,680
8,28.5,681
18.3636363636364,34.6363636363636,682
6.5,25,683
8.5,34,684
8.42622950819672,33.655737704918,685
7.625,34.125,686
7.7,33.2,687
13.0634920634921,34.9206349206349,688
17.0185185185185,35.9444444444444,689
18.5609756097561,35.9268292682927,690
9.33333333333333,28.3333333333333,691
4.52830188679245,32.5660377358491,692
18,37,693
20,35,694
17,36.5961538461538,695
17.0408163265306,36.4489795918367,696
16.7777777777778,36.2222222222222,697
17.0833333333333,36.4166666666667,698
17.1481481481481,36.8703703703704,699
18.1428571428571,37.3469387755102,700
17.4390243902439,37.9268292682927,701
14.2307692307692,36.7692307692308,702
8.5,3,703
11.640625,36.65625,704
8,35,705
4.54385964912281,11.0175438596491,706
10.1875,3.734375,707
6.9,35.3,708
7,35,709
6.64814814814815,35.3148148148148,710
6.60714285714286,35.4107142857143,711
6.07547169811321,34.5471698113208,712
6.93181818181818,35.0454545454545,713
7.0625,36.3958333333333,714
6.86792452830189,36.0754716981132,715
8.72727272727273,36.2727272727273,716
8.58333333333333,36,717
8.92307692307692,35.5384615384615,718
6.22033898305085,32.2881355932203,719
4.39583333333333,32.9375,720
10.1034482758621,26.1034482758621,721
11.5,23,722
10,28.0769230769231,723
11.3389830508475,29.7118644067797,724
11.037037037037,29.9259259259259,725
10.8571428571429,29.7142857142857,726
12.0961538461538,29.4807692307692,727
12,29,728
11.5,29,729
11.5,27,730
11.9180327868852,28.0491803278689,731
12.047619047619,28.8095238095238,732
12.1428571428571,29.2857142857143,733
12.5223880597015,29.9253731343284,734
12.5,29.0757575757576,735
12.6785714285714,29.2857142857143,736
12.4107142857143,29.0178571428571,737
12.1311475409836,27.8524590163934,738
12,28.5,739
12,31.5,740
12,33.5,741
12,33,742
14.0555555555556,28.037037037037,743
8.43939393939394,6.92424242424242,744
8.51470588235294,34.5147058823529,745
17.375,37.125,746
16.9347826086957,35.9347826086956,747
8.84090909090909,26.8409090909091,748
17.25,21.25,749
13.8059701492537,36.3582089552239,750
8.42307692307692,37.8846153846154,751
7.5,35.5,752
7,35.375,753
11.9508196721311,30.5737704918033,754
8.31034482758621,28.9827586206897,755
11,29.5,756
11,31,757
11.25,31.25,758
11.2727272727273,31.7272727272727,759
11.2727272727273,31.7272727272727,760
10.5,28.5,761
11.5,29,762
13.3636363636364,26.3636363636364,763
13.8723404255319,26.3404255319149,764
14.1346153846154,27.1153846153846,765
14.0363636363636,28.5454545454545,766
14.0425531914894,27.5531914893617,767
14.3709677419355,28.3064516129032,768
14.9574468085106,27.4468085106383,769
15.0208333333333,27.4791666666667,770
15.0208333333333,27.4791666666667,771
15.0612244897959,27.530612244898,772
14.4035087719298,28.8421052631579,773
14.5636363636364,29,774
14.4736842105263,28.9473684210526,775
14.8688524590164,28.8360655737705,776
14.9661016949153,28.8813559322034,777
15.0166666666667,28.9,778
14.4285714285714,28.9107142857143,779
14.8688524590164,28.8360655737705,780
14.655737704918,28.5245901639344,781
15.1129032258065,29.0967741935484,782
14.4905660377358,28.9245283018868,783
14.8688524590164,29.2950819672131,784
14.5,29.5,785
14.3620689655172,29.3620689655172,786
14.8688524590164,29.2950819672131,787
15.0357142857143,28.875,788
14.5,29,789
14.078125,29.578125,790
14.5555555555556,28.9444444444444,791
14.3114754098361,29.327868852459,792
11.6181818181818,30.1090909090909,793
14.6666666666667,37.8333333333333,794
11.5,36,795
4.6,33.1,796
5.59090909090909,35.3863636363636,797
13.1904761904762,30.6190476190476,798
15,38.625,799
17.3620689655172,37.5862068965517,800
19.03125,5.953125,801
13.5,5,802
14.2537313432836,37.7611940298507,803
4,5,804
13,3,805
13.5,3,806
17.7272727272727,37.2727272727273,807
19.4468085106383,35.9787234042553,808
19.0408163265306,33.5510204081633,809
19.5641025641026,35.0512820512821,810
13.875,37.375,811
14.6304347826087,37.6086956521739,812
15.1764705882353,37.6470588235294,813
15.9,37.7,814
16,38,815
15.5,38,816
16,37.625,817
16,37.625,818
16.0338983050847,36.4576271186441,819
6.37096774193548,34.6612903225806,820
14.6833333333333,29.4166666666667,821
6.45614035087719,6.98245614035088,822
15,34.5,823
19.5,32,824
7,3,825
15.4915254237288,9.64406779661017,826
5,37,827
8.88888888888889,37.8888888888889,828
7.44444444444444,38.4444444444444,829
7.34545454545455,38.4,830
7.89655172413793,37.8448275862069,831
7.33333333333333,37.8627450980392,832
7.86274509803922,38.3333333333333,833
6.75,38.25,834
6.77049180327869,38.3114754098361,835
6.79661016949153,38.3050847457627,836
6.79661016949153,38.2203389830508,837
6.41509433962264,36.3584905660377,838
8,38,839
9.72727272727273,37.2727272727273,840
7.38636363636364,13.5909090909091,841
14.8846153846154,31.8269230769231,842
14.4509803921569,28.5098039215686,843
10.2424242424242,24.3030303030303,844
11.5,26.5,845
11.2950819672131,27.7540983606557,846
11.5,29,847
11.6666666666667,30.1666666666667,848
11.6229508196721,30.1475409836066,849
11.5,30,850
11.4615384615385,29.9230769230769,851
11.2950819672131,30.2459016393443,852
11,30,853
11,30.5,854
11,30.5,855
9.5,27.5,856
6.46153846153846,29.0769230769231,857
17.5555555555556,27.4444444444444,858
6.36363636363636,33.6363636363636,859
7.125,35.375,860
6.5,35.5,861
7.125,35.375,862
12,34.5,863
16.1272727272727,37.0727272727273,864
11,18.5,865
7.7037037037037,16.6851851851852,866
6.44444444444444,37.5555555555556,867
14.9791666666667,38.4791666666667,868
15.1590909090909,38.8409090909091,869
15.2166666666667,38.3166666666667,870
17,38.5,871
16.9387755102041,38.530612244898,872
17,38.5,873
17,38.5,874
17.0408163265306,38.4285714285714,875
17.4358974358974,39.0512820512821,876
17,38.5,877
17.0408163265306,38.4285714285714,878
16.1320754716981,37.0754716981132,879
17.4444444444444,37.4444444444444,880
3,33.5,881
17.9206349206349,36.9206349206349,882
18.7241379310345,8.25862068965517,883
16.4561403508772,32.9824561403509,884
16.6363636363636,30.6363636363636,885
15.3584905660377,29.4150943396226,886
15.8148148148148,29.4259259259259,887
15.4468085106383,28.9787234042553,888
16.0350877192982,27.5438596491228,889
15.9473684210526,27.4912280701754,890
15.8392857142857,27.3571428571429,891
15.3636363636364,27.3636363636364,892
15.2727272727273,28.2727272727273,893
15.5,27.5,894
15,26.5,895
15,27.5,896
15,27,897
16.4561403508772,33.9824561403509,898
18.4390243902439,34.0731707317073,899
12,22,900
17.7272727272727,37.2727272727273,901
18.25,37.25,902
18,37.5,903
18.5833333333333,37.0833333333333,904
15.7777777777778,38.2222222222222,905
16.3333333333333,38.6666666666667,906
16.1428571428571,38.3469387755102,907
15.9,38.6,908
15.9607843137255,38.5686274509804,909
16.0833333333333,38.4166666666667,910
17.0731707317073,37.4390243902439,911
6.5,36,912
10.3571428571429,7.85714285714286,913
17.75,37.25,914
17.5,37,915
17.4603174603175,36.9365079365079,916
17.5,37,917
17.6724137931034,37.1034482758621,918
17.7118644067797,37.1694915254237,919
17.5833333333333,37.0833333333333,920
13.6034482758621,27.9310344827586,921
10.037037037037,26.9259259259259,922
16.0333333333333,38.3833333333333,923
15.0338983050847,38.5423728813559,924
13.5,37.5,925
13.5454545454545,37.4545454545455,926
14,37.5,927
13.8181818181818,37.1818181818182,928
13.5849056603774,37.3584905660377,929
13.5,36.6785714285714,930
15.5762711864407,36.5423728813559,931
16.9242424242424,26.5454545454545,932
17.8870967741935,5.41935483870968,933
NaN,NaN,934
4,35.5,935
5.875,35.625,936
6,35.5,937
6,36,938
6.5,35,939
6.86538461538461,35.5961538461538,940
6.92452830188679,35.5471698113208,941
6.86538461538461,35.5961538461538,942
7,35.5961538461538,943
6.86538461538461,35.5961538461538,944
6.92452830188679,35.5471698113208,945
7.13461538461539,35.4038461538462,946
6.92452830188679,35.5471698113208,947
7.07547169811321,35.5471698113208,948
6.92452830188679,35.5471698113208,949
6.92452830188679,35.5471698113208,950
6.26315789473684,30.2631578947368,951
9.83928571428571,26.6428571428571,952
5.3469387755102,30.1224489795918,953
18.9310344827586,37.3620689655172,954
10.8260869565217,38.8260869565217,955
6.57446808510638,35.5531914893617,956
17.5593220338983,36.9661016949153,957
19.265625,5.71875,958
14.75,4.25,959
4.84848484848485,2.87878787878788,960
17.0689655172414,34.6379310344828,961
