x,y,t
13.9347826086957,3.93478260869565,1
13.8,3.7,2
10.0769230769231,3.46153846153846,3
9.94915254237288,4.45762711864407,4
10.9230769230769,3.46153846153846,5
11.9655172413793,4.05172413793103,6
9,3.421875,7
8.77966101694915,4.28813559322034,8
9.43137254901961,3.94117647058824,9
9.5,4,10
9.5,4,11
13,3.5,12
11.5,3,13
11.4255319148936,3.4468085106383,14
11.4255319148936,3.4468085106383,15
11.4255319148936,3.4468085106383,16
11.4255319148936,3.4468085106383,17
7.24590163934426,3.70491803278689,18
10.4385964912281,3.36842105263158,19
10.5,3.41379310344828,20
10.4385964912281,3.36842105263158,21
10.5762711864407,3.45762711864407,22
10.5762711864407,3.45762711864407,23
10.5762711864407,3.45762711864407,24
10.5762711864407,3.45762711864407,25
11,3.5,26
11,3.421875,27
10.8870967741935,3.33870967741935,28
11,3.421875,29
10.4385964912281,3.36842105263158,30
10.5,3.41379310344828,31
10.3636363636364,3.27272727272727,32
10.9245283018868,3.45283018867925,33
10.4385964912281,3.36842105263158,34
11.4237288135593,3.45762711864407,35
10.8653846153846,3.40384615384615,36
11.4237288135593,3.45762711864407,37
11,3.421875,38
11.4237288135593,3.45762711864407,39
11.4237288135593,3.45762711864407,40
11,3.421875,41
11.4237288135593,3.45762711864407,42
11.4237288135593,3.45762711864407,43
11.4237288135593,3.45762711864407,44
12.304347826087,3.39130434782609,45
11.5,3.5,46
12.304347826087,3.39130434782609,47
11.4237288135593,3.45762711864407,48
10.4237288135593,3.45762711864407,49
18.0833333333333,4.41666666666667,50
13.9230769230769,3.46153846153846,51
14.0634920634921,3.53968253968254,52
14.3015873015873,3.77777777777778,53
14.0634920634921,3.53968253968254,54
14.0634920634921,3.53968253968254,55
14.0634920634921,3.53968253968254,56
14.3015873015873,3.77777777777778,57
14.5,3.5,58
14.3015873015873,3.77777777777778,59
14.3015873015873,3.77777777777778,60
14.3015873015873,3.77777777777778,61
14.3015873015873,3.77777777777778,62
14.0634920634921,3.53968253968254,63
14.0634920634921,3.53968253968254,64
14,3.5,65
14,3.5,66
14.0634920634921,3.53968253968254,67
14.0634920634921,3.53968253968254,68
14.0634920634921,3.53968253968254,69
14.0634920634921,3.53968253968254,70
14,3.5,71
13.4225352112676,3.46478873239437,72
12.2,3.6,73
12.2,3.6,74
13,3.5,75
13.0769230769231,3.53846153846154,76
13.0769230769231,3.53846153846154,77
12.2,3.6,78
13,3.5,79
14.4032258064516,3.91935483870968,80
14.9230769230769,3.46153846153846,81
15.5,3.5,82
14.5614035087719,3.54385964912281,83
14.5,3.5,84
14.5,3.5,85
14.5614035087719,3.54385964912281,86
14.9245283018868,3.45283018867925,87
15,3.5,88
14.9245283018868,3.45283018867925,89
15,3.5,90
14.5614035087719,3.54385964912281,91
15,3.5,92
14.5,3.5,93
14.5614035087719,3.54385964912281,94
14.5,3.5,95
14.5614035087719,3.54385964912281,96
14.5614035087719,3.54385964912281,97
14.5614035087719,3.54385964912281,98
14.5,3.5,99
15,3.5,100
14.5614035087719,3.54385964912281,101
14.5614035087719,3.54385964912281,102
14.5,3.5,103
14.5614035087719,3.54385964912281,104
14.5,3.5,105
14.5614035087719,3.54385964912281,106
14.9245283018868,3.45283018867925,107
15,3.5,108
14.5,3.5,109
15,3.5,110
15,3.5,111
14.5614035087719,3.54385964912281,112
14.5,3.5,113
14.5614035087719,3.54385964912281,114
10,3.421875,115
16.0151515151515,3.87878787878788,116
16.6153846153846,4,117
8.94642857142857,5.01785714285714,118
7.125,22.0535714285714,119
14.8695652173913,22.5652173913043,120
14.8695652173913,22.5652173913043,121
14.8695652173913,22.5652173913043,122
14.8695652173913,22.5652173913043,123
14.8428571428571,22.6142857142857,124
14.8695652173913,22.5652173913043,125
14.8695652173913,22.5652173913043,126
15.0597014925373,22.0149253731343,127
14.9852941176471,22.0441176470588,128
14.9852941176471,22.0441176470588,129
14.9852941176471,22.0441176470588,130
15,22.5797101449275,131
10.0746268656716,6.92537313432836,132
4.92307692307692,10.0769230769231,133
17.3571428571429,3.42857142857143,134
19.5423728813559,22.4237288135593,135
7.59154929577465,29.8732394366197,136
6,3.5,137
12.6515151515152,25.6818181818182,138
12.3620689655172,3.41379310344828,139
13.4918032786885,30.9508196721311,140
13.9230769230769,3.46153846153846,141
6.92307692307692,3.46153846153846,142
14.0652173913043,31.9347826086957,143
13.5,27.5,144
14.0240963855422,5.13253012048193,145
16.9268292682927,31.4390243902439,146
13.7049180327869,26.7540983606557,147
10.7027027027027,3.39189189189189,148
16.6666666666667,23.1372549019608,149
10.7183098591549,4.83098591549296,150
14.5,3.42857142857143,151
8.43859649122807,3.36842105263158,152
7.078125,5.796875,153
19.9,4.4,154
18.0731707317073,3.4390243902439,155
16.9577464788732,9.42253521126761,156
15.6923076923077,14.6923076923077,157
14.6515151515152,26.3181818181818,158
17.25,21.25,159
6.47560975609756,6.89024390243902,160
7.56451612903226,32.0967741935484,161
12,32,162
15.741935483871,30.241935483871,163
18.0327868852459,24.4262295081967,164
11.8461538461538,25.9230769230769,165
11.8225806451613,28.1451612903226,166
15,27.0769230769231,167
12.3571428571429,28.7428571428571,168
12.2777777777778,28.7916666666667,169
12.3943661971831,27.9154929577465,170
13.0454545454545,27.9242424242424,171
12.6153846153846,28.6153846153846,172
8.38888888888889,30.4259259259259,173
14.5,29.5,174
15,29.5,175
12.5571428571429,28.1,176
13.3230769230769,27.2923076923077,177
11.9558823529412,28.9852941176471,178
11.536231884058,29.0289855072464,179
8.07692307692308,32.4615384615385,180
7.95,32.15,181
6.90909090909091,32,182
11.7826086956522,30.8260869565217,183
8.54901960784314,32.156862745098,184
19.2727272727273,28.7272727272727,185
16.0769230769231,32.5384615384615,186
9.44262295081967,30.9672131147541,187
10,30.5,188
10.9295774647887,30.4788732394366,189
18,29.625,190
18.5,29.6086956521739,191
17.5744680851064,30.5531914893617,192
17.6153846153846,30.7884615384615,193
16.6470588235294,31.156862745098,194
19.7272727272727,7.68181818181818,195
13.6438356164384,3.35616438356164,196
11.1492537313433,3.34328358208955,197
6,3.5,198
12.2777777777778,3.31944444444444,199
9.51923076923077,3.88461538461538,200
12.1038961038961,3.97402597402597,201
11.24,32.72,202
15.2676056338028,5.26760563380282,203
16.0714285714286,30.4428571428571,204
7.56578947368421,22.6447368421053,205
11.5,33,206
8,31.5,207
5.39583333333333,27.0625,208
16.5555555555556,3.33333333333333,209
9.8125,17.890625,210
9.39130434782609,18.9710144927536,211
9.39130434782609,18.9710144927536,212
9.41428571428571,19.0428571428571,213
9.53731343283582,19.089552238806,214
9.53731343283582,19.089552238806,215
9.53731343283582,19.089552238806,216
9.53731343283582,19.089552238806,217
9.53731343283582,19.089552238806,218
9.53731343283582,19.089552238806,219
9.53731343283582,19.089552238806,220
9.82258064516129,18.8548387096774,221
9.53731343283582,19.089552238806,222
9.53731343283582,19.089552238806,223
9.46268656716418,20.0597014925373,224
9.46268656716418,20.0597014925373,225
9.46268656716418,20.0597014925373,226
9.46268656716418,20.0597014925373,227
9.51470588235294,19.9852941176471,228
9.51470588235294,19.9852941176471,229
9.51470588235294,19.9852941176471,230
9.51470588235294,19.9852941176471,231
9.56944444444444,20.0694444444444,232
7.05,22.6,233
7.52380952380952,22.5396825396825,234
7.6551724137931,22.2413793103448,235
7.52380952380952,22.5396825396825,236
7.6271186440678,22.2033898305085,237
7.6551724137931,22.2413793103448,238
7.72881355932203,22.1864406779661,239
7.22222222222222,22.2222222222222,240
11.0735294117647,11.4411764705882,241
10.7361111111111,16.1527777777778,242
9.66666666666667,17.1884057971014,243
10.0555555555556,17.0555555555556,244
9.66666666666667,17.1884057971014,245
9.95945945945946,17.0405405405405,246
9.66666666666667,17.1884057971014,247
10.0972222222222,17.1527777777778,248
10.0972222222222,17.1527777777778,249
10.0972222222222,17.1527777777778,250
10.0684931506849,17.1232876712329,251
10.0684931506849,17.1232876712329,252
10.0684931506849,17.1232876712329,253
10.0972222222222,17.1527777777778,254
10.0972222222222,17.1527777777778,255
10.4029850746269,16.9402985074627,256
10.4029850746269,16.9402985074627,257
10.4029850746269,16.9402985074627,258
10.0793650793651,17.0634920634921,259
10.4029850746269,16.9402985074627,260
10,18,261
10.0322580645161,18.0483870967742,262
10.0322580645161,18.0483870967742,263
10.0322580645161,18.0483870967742,264
10.0322580645161,18.0483870967742,265
10.0322580645161,18.0483870967742,266
9.90625,17.8125,267
10.0322580645161,18.0483870967742,268
10.0322580645161,18.0483870967742,269
10.0322580645161,18.0483870967742,270
10.0322580645161,18.0483870967742,271
10.0322580645161,18.0483870967742,272
10.0579710144928,17.4927536231884,273
10.1304347826087,17.5652173913043,274
10.1176470588235,17.5,275
10.1571428571429,17.6142857142857,276
10.1304347826087,17.5652173913043,277
10.1571428571429,17.6142857142857,278
10.1304347826087,17.5652173913043,279
10.1571428571429,17.6142857142857,280
10.1571428571429,17.6142857142857,281
10.1571428571429,17.6142857142857,282
10.1304347826087,17.5652173913043,283
10.1304347826087,17.5652173913043,284
10.1304347826087,17.5652173913043,285
10.1571428571429,17.6142857142857,286
10.1304347826087,17.5652173913043,287
10.1571428571429,17.6142857142857,288
10.1304347826087,17.5652173913043,289
10.1571428571429,17.6142857142857,290
10.1571428571429,17.6142857142857,291
10.1304347826087,17.5652173913043,292
10.1571428571429,17.6142857142857,293
10.1369863013699,18.1095890410959,294
10.2380952380952,18.2063492063492,295
10.2380952380952,18.2063492063492,296
10.2380952380952,18.2063492063492,297
10.2380952380952,18.2063492063492,298
10.2380952380952,18.2063492063492,299
10.2380952380952,18.2063492063492,300
10.2380952380952,18.2063492063492,301
10.2380952380952,18.2063492063492,302
10.2380952380952,18.2063492063492,303
10.2380952380952,18.2063492063492,304
10.2380952380952,18.2063492063492,305
10.0735294117647,18.5588235294118,306
10.0735294117647,18.5588235294118,307
10.0735294117647,18.5588235294118,308
10.0735294117647,18.5588235294118,309
10.0735294117647,18.5588235294118,310
10.0735294117647,18.5588235294118,311
10.0735294117647,18.5588235294118,312
10.0735294117647,18.5588235294118,313
10.0735294117647,18.5588235294118,314
10.0735294117647,18.5588235294118,315
10.0735294117647,18.5588235294118,316
9.57627118644068,19.6271186440678,317
9.57627118644068,19.6271186440678,318
9.57627118644068,19.6271186440678,319
9.57627118644068,19.6271186440678,320
9.57627118644068,19.6271186440678,321
9.6,19.7,322
9.6,19.7,323
9.66101694915254,19.7118644067797,324
9.6,19.7,325
9.66101694915254,19.7118644067797,326
9.66101694915254,19.7118644067797,327
9.66101694915254,19.7118644067797,328
9.66101694915254,19.7118644067797,329
9.66101694915254,19.7118644067797,330
9.7741935483871,19.8225806451613,331
9.7741935483871,19.8225806451613,332
10.1052631578947,19.6315789473684,333
10.0161290322581,20.0645161290323,334
10.0161290322581,20.0645161290323,335
10.3636363636364,19.9242424242424,336
10.3134328358209,19.910447761194,337
10.3636363636364,19.9242424242424,338
10.3880597014925,19.9850746268657,339
10.4264705882353,20,340
8.93548387096774,22.0322580645161,341
7.05172413793103,22.6034482758621,342
7.05172413793103,22.6034482758621,343
7.05172413793103,22.6034482758621,344
7.05172413793103,22.6034482758621,345
7.05172413793103,22.6034482758621,346
7.05172413793103,22.6034482758621,347
7.11864406779661,22.6271186440678,348
7.05172413793103,22.6034482758621,349
7.11864406779661,22.6271186440678,350
7.11864406779661,22.6271186440678,351
7.5,22.5,352
7.11864406779661,22.6271186440678,353
7.11864406779661,22.6271186440678,354
7.11864406779661,22.6271186440678,355
7.11864406779661,22.6271186440678,356
7.44444444444444,22.4761904761905,357
7.5,22.5,358
7.11864406779661,22.6271186440678,359
7.11864406779661,22.6271186440678,360
7.11864406779661,22.6271186440678,361
7.5,22.5,362
7.11864406779661,22.6271186440678,363
7.11864406779661,22.6271186440678,364
5.86274509803922,23.6666666666667,365
17.9268292682927,31.4390243902439,366
8.09183673469388,5.14285714285714,367
18.6363636363636,29.6363636363636,368
19.1739130434783,32.1739130434783,369
11.5686274509804,31.0392156862745,370
11.1754385964912,30.8070175438597,371
17.859375,3.421875,372
7.35211267605634,31.1971830985915,373
5.5,9.5,374
12.578125,7,375
5.43137254901961,5.03921568627451,376
15.3484848484848,10.3181818181818,377
7.39285714285714,31.4285714285714,378
9.28571428571429,29.1428571428571,379
10.5774647887324,32.5352112676056,380
15.6133333333333,13.52,381
13.6323529411765,25.8529411764706,382
5.1969696969697,13.8181818181818,383
11.5762711864407,30.5423728813559,384
10.1803278688525,33.2786885245902,385
16.695652173913,5.8695652173913,386
14.5061728395062,25.8888888888889,387
7.46153846153846,4.14102564102564,388
19.1641791044776,16.044776119403,389
8,3.5,390
4.42857142857143,10.5,391
15.6229508196721,31.9508196721311,392
15.75,26.25,393
19.0454545454545,28.9242424242424,394
19.4590163934426,28.9508196721311,395
17.7142857142857,29.2142857142857,396
14.5,31.1,397
9.37313432835821,31.3880597014925,398
8.3695652173913,32.6086956521739,399
16,29.578125,400
11.4857142857143,6.02857142857143,401
7.73913043478261,32.2608695652174,402
19.4255319148936,32.4468085106383,403
9.06349206349206,31.6190476190476,404
19.6071428571429,31.4285714285714,405
7.5,33,406
15.8,3.6,407
12.5,3.5,408
6.4,27,409
16.4225352112676,3.46478873239437,410
15.3157894736842,3.36842105263158,411
15.2205882352941,3.36764705882353,412
15.3823529411765,3.35294117647059,413
20,5.5,414
16.4255319148936,3.5531914893617,415
17.7391304347826,5.72463768115942,416
8.17857142857143,4.52380952380952,417
15.4347826086957,31.463768115942,418
18.4615384615385,22.3846153846154,419
17.8653846153846,3.40384615384615,420
17.3382352941176,4.88235294117647,421
18.4393939393939,5.60606060606061,422
12.7571428571429,5.32857142857143,423
13.3478260869565,3.41304347826087,424
16.5744680851064,3.4468085106383,425
4.3,5.2,426
10.1451612903226,3.35483870967742,427
11.1486486486486,27.8243243243243,428
15.0810810810811,5.01351351351351,429
14.3787878787879,3.83333333333333,430
15.3620689655172,3.41379310344828,431
5.36065573770492,4.88524590163934,432
14.5762711864407,3.45762711864407,433
18.0441176470588,5.92647058823529,434
13.26,3.32,435
7.61904761904762,28.6031746031746,436
7.58064516129032,26.8870967741935,437
7.5,27,438
13.2333333333333,9.76666666666667,439
14.5471698113208,10.0566037735849,440
11.9733333333333,7.89333333333333,441
11.6376811594203,7.7536231884058,442
11.6376811594203,7.7536231884058,443
11.984126984127,7.96825396825397,444
11.984126984127,7.96825396825397,445
11.6911764705882,7.82352941176471,446
11.6376811594203,7.7536231884058,447
11.65625,7.359375,448
9.94202898550725,5.49275362318841,449
9.18840579710145,6.33333333333333,450
10.0166666666667,6.51666666666667,451
9.98305084745763,6.55932203389831,452
9.63076923076923,6.4,453
9.59375,6.4375,454
9.59375,6.4375,455
9.59375,6.4375,456
9.63076923076923,6.4,457
9.63076923076923,6.4,458
9.63076923076923,6.4,459
9.63076923076923,6.4,460
10.0338983050847,6.45762711864407,461
10.0166666666667,6.51666666666667,462
9.63076923076923,6.4,463
9.90540540540541,6.02702702702703,464
9.53731343283582,5.91044776119403,465
9.6231884057971,5.95652173913043,466
9.57352941176471,5.88235294117647,467
9.6231884057971,5.95652173913043,468
9.57352941176471,5.88235294117647,469
9.6231884057971,5.95652173913043,470
9.57352941176471,5.88235294117647,471
9.6231884057971,5.95652173913043,472
9.57352941176471,5.88235294117647,473
9.6231884057971,5.95652173913043,474
9.6231884057971,5.95652173913043,475
9.6231884057971,5.95652173913043,476
9.5,5.5,477
9.53846153846154,5.47692307692308,478
9.53846153846154,5.47692307692308,479
9.53846153846154,5.47692307692308,480
9.53846153846154,5.47692307692308,481
9.53846153846154,5.47692307692308,482
9.53846153846154,5.47692307692308,483
9.53846153846154,5.47692307692308,484
9.53846153846154,5.47692307692308,485
9.53846153846154,5.47692307692308,486
9.53846153846154,5.47692307692308,487
9.53846153846154,5.47692307692308,488
9.53846153846154,5.47692307692308,489
9.58730158730159,5.34920634920635,490
9.53846153846154,5.47692307692308,491
9.53846153846154,5.47692307692308,492
9.53846153846154,5.47692307692308,493
9.53846153846154,5.47692307692308,494
9.59375,5.46875,495
9.53846153846154,5.47692307692308,496
9.59375,5.46875,497
9.59375,5.46875,498
9.59375,5.46875,499
9.59375,5.46875,500
9.72727272727273,7.72727272727273,501
9.72727272727273,7.72727272727273,502
9.72727272727273,7.72727272727273,503
9.72727272727273,7.72727272727273,504
9.72727272727273,7.72727272727273,505
9.72727272727273,7.72727272727273,506
9.72727272727273,7.72727272727273,507
10,7.5,508
10,7.5,509
10,7.5,510
10,7.5,511
10,7.5,512
10,7.5,513
10,7.5,514
10,7.5,515
10.0491803278689,7.50819672131148,516
10.0491803278689,7.50819672131148,517
10.0491803278689,7.50819672131148,518
10,7.5,519
10.0491803278689,7.50819672131148,520
10.0491803278689,7.50819672131148,521
10.472972972973,6.55405405405405,522
10.0491803278689,7.50819672131148,523
10.0491803278689,7.50819672131148,524
10,7.5,525
10.0833333333333,7.58333333333333,526
10,7.5,527
10.0833333333333,7.58333333333333,528
10.0833333333333,7.58333333333333,529
10.3717948717949,6.29487179487179,530
9.72727272727273,7.72727272727273,531
7.6271186440678,5.79661016949153,532
16.6923076923077,6.69230769230769,533
12.9411764705882,3.45098039215686,534
14.2272727272727,3.72727272727273,535
14.7540983606557,3.70491803278689,536
16.0588235294118,7.41176470588235,537
17.8095238095238,3.38095238095238,538
8.81818181818182,31.8181818181818,539
8.44594594594595,28.5945945945946,540
12,3.5,541
5.1969696969697,14.1818181818182,542
15.9545454545455,23,543
13.5,3.5,544
15.3333333333333,5.72463768115942,545
19.8947368421053,10.8245614035088,546
19.9166666666667,6.58333333333333,547
15.3823529411765,3.35294117647059,548
15.9166666666667,8.56944444444444,549
7.82432432432432,6.21621621621622,550
15.5,32.5714285714286,551
16.1276595744681,31.1063829787234,552
12.910447761194,31,553
17.5,29.6086956521739,554
8.32876712328767,12.6849315068493,555
16.6153846153846,14.3846153846154,556
19.5,4,557
16.2156862745098,3.37254901960784,558
16.6986301369863,5.72602739726027,559
15.2666666666667,3.86666666666667,560
14.1408450704225,5.43661971830986,561
4.5,6,562
19.4647887323944,6.11267605633803,563
14.3090909090909,3.29090909090909,564
8.35616438356164,3.35616438356164,565
10.0694444444444,12.5833333333333,566
15.0597014925373,21.0149253731343,567
15.1714285714286,20.3857142857143,568
15.0923076923077,19.9384615384615,569
14.8,19.8,570
14.7464788732394,19.7323943661972,571
14.8,19.8,572
14.7464788732394,19.7323943661972,573
5.41818181818182,16.5090909090909,574
6.63636363636364,3.27272727272727,575
8.94202898550725,5.49275362318841,576
8.07547169811321,3.45283018867925,577
8.1,3.6,578
7.90909090909091,3.90909090909091,579
7.90909090909091,3.90909090909091,580
7.875,3.85714285714286,581
7.875,3.85714285714286,582
7.47058823529412,3.94117647058824,583
7.47058823529412,3.94117647058824,584
7.47058823529412,3.94117647058824,585
8.05882352941176,3.54901960784314,586
7.47058823529412,3.94117647058824,587
7.90909090909091,3.90909090909091,588
7.875,3.85714285714286,589
7.875,3.85714285714286,590
7.47058823529412,3.94117647058824,591
7.90909090909091,3.90909090909091,592
8.05882352941176,3.54901960784314,593
7.875,3.85714285714286,594
7.875,3.85714285714286,595
7.90909090909091,3.90909090909091,596
7.06349206349206,3.38095238095238,597
8,3.5,598
8,3.5,599
8,3.5,600
8,3.5,601
8.05882352941176,3.54901960784314,602
8.05882352941176,3.54901960784314,603
8,3.5,604
8,3.5,605
8,3.5,606
8,3.5,607
8.05882352941176,3.54901960784314,608
7.92452830188679,3.45283018867925,609
8,3.5,610
8,3.5,611
8,3.5,612
8,3.5,613
8,3.5,614
8,3.5,615
8,3.5,616
8,3.5,617
8,3.5,618
8,3.5,619
8.05882352941176,3.54901960784314,620
6.63793103448276,3.41379310344828,621
7.06349206349206,3.38095238095238,622
8,3.5,623
8,3.5,624
8,3.5,625
7.47058823529412,3.94117647058824,626
8.05882352941176,3.54901960784314,627
7.5,3.41379310344828,628
7.06349206349206,3.38095238095238,629
8,3.5,630
8,3.5,631
8,3.5,632
7.57446808510638,3.5531914893617,633
8,3.5,634
7.57446808510638,3.4468085106383,635
8.07317073170732,3.5609756097561,636
8.07317073170732,3.5609756097561,637
8.07317073170732,3.5609756097561,638
8.07317073170732,3.5609756097561,639
8.07317073170732,3.5609756097561,640
8.07317073170732,3.5609756097561,641
8.07317073170732,3.5609756097561,642
8.07317073170732,3.5609756097561,643
8.07317073170732,3.5609756097561,644
8.07317073170732,3.5609756097561,645
8.07317073170732,3.5609756097561,646
7.6304347826087,3.60869565217391,647
7.6304347826087,3.60869565217391,648
7.6304347826087,3.60869565217391,649
7.6304347826087,3.60869565217391,650
8.07317073170732,3.5609756097561,651
7.6304347826087,3.60869565217391,652
8.14814814814815,3.87037037037037,653
7.07317073170732,3.4390243902439,654
7.07317073170732,3.4390243902439,655
7.07317073170732,3.4390243902439,656
7.07317073170732,3.4390243902439,657
7.07317073170732,3.4390243902439,658
7.07317073170732,3.4390243902439,659
7.07317073170732,3.4390243902439,660
7.07317073170732,3.4390243902439,661
7.5,3.5,662
6.44186046511628,5.53488372093023,663
15.8421052631579,4.72368421052632,664
17.5714285714286,6.64285714285714,665
16.4347826086957,3.39130434782609,666
6,3.5,667
8.5,3.5,668
8.29850746268657,3.32835820895522,669
7.07317073170732,3.5609756097561,670
12.2727272727273,6.22727272727273,671
5.2,27.3,672
16.0972222222222,5.45833333333333,673
15.3695652173913,3.39130434782609,674
14.6666666666667,4.44,675
13.0416666666667,20.0138888888889,676
14.2058823529412,27.2941176470588,677
15.4177215189873,6.08860759493671,678
6,3.5,679
14.2413793103448,7.3448275862069,680
11.9193548387097,13.4193548387097,681
11.828125,12.234375,682
11.9365079365079,13.1111111111111,683
11.9365079365079,13.1111111111111,684
12.030303030303,12.9242424242424,685
12.030303030303,12.9242424242424,686
12.030303030303,12.9242424242424,687
12.030303030303,12.9242424242424,688
12.030303030303,12.9242424242424,689
12,13,690
11.9365079365079,13.1111111111111,691
12.030303030303,12.9242424242424,692
12,13,693
12,13,694
12.030303030303,12.9242424242424,695
12.030303030303,12.9242424242424,696
12.030303030303,12.9242424242424,697
12,13,698
12,13,699
12,13,700
12,13,701
12,13,702
12,13,703
11.536231884058,13.1014492753623,704
11.536231884058,13.1014492753623,705
11.536231884058,13.1014492753623,706
11.536231884058,13.1014492753623,707
11.536231884058,13.1014492753623,708
11.536231884058,13.1014492753623,709
11.536231884058,13.1014492753623,710
11.421875,13.421875,711
11.4769230769231,13.4307692307692,712
11.536231884058,13.0289855072464,713
11.4769230769231,13.4307692307692,714
11.421875,13.421875,715
11.4769230769231,13.4307692307692,716
11.421875,13.421875,717
11.4769230769231,13.4307692307692,718
11.421875,13.421875,719
11.421875,13.421875,720
11.421875,13.421875,721
11.4769230769231,13.4307692307692,722
11.421875,13.421875,723
11.4769230769231,13.4307692307692,724
11.421875,13.421875,725
11.5,13.5,726
11.421875,13.421875,727
11.5,13.5,728
11.4461538461538,13.4923076923077,729
11.1384615384615,14.2,730
10.7142857142857,14.2142857142857,731
10.7857142857143,14.2857142857143,732
10.7857142857143,14.2857142857143,733
10.7857142857143,14.2857142857143,734
9.74285714285714,15.2,735
9.74285714285714,15.2,736
9.68115942028986,15.1739130434783,737
9.74285714285714,15.2,738
9.74285714285714,15.2,739
9.74285714285714,15.2,740
9.61428571428571,15.1571428571429,741
9.74285714285714,15.2,742
9.68115942028986,15.1739130434783,743
9.74285714285714,15.2,744
10.0263157894737,15.1052631578947,745
10.0933333333333,15.12,746
10.0933333333333,15.12,747
10.0933333333333,15.12,748
10.0933333333333,15.12,749
10.0657894736842,15.1842105263158,750
10.0519480519481,15.1428571428571,751
10.0657894736842,15.1842105263158,752
10.0657894736842,15.1842105263158,753
10.1333333333333,15.2,754
10.0657894736842,15.1842105263158,755
10.1333333333333,15.2,756
10.0657894736842,15.1842105263158,757
10.1333333333333,15.2,758
9.16666666666667,15.3333333333333,759
5.10606060606061,6.15151515151515,760
19.9,24.4,761
11.3518518518519,3.44444444444444,762
8.65151515151515,31.6515151515152,763
6.94029850746269,4.01492537313433,764
17.3695652173913,3.39130434782609,765
14.9538461538462,3.93846153846154,766
15.8870967741935,3.33870967741935,767
16.5797101449275,5.01449275362319,768
13.7794117647059,3.36764705882353,769
11.0694444444444,24.5833333333333,770
18.7,29.8,771
8.80952380952381,3.38095238095238,772
10,13.5,773
11.1016949152542,25.9152542372881,774
15.3076923076923,23.3076923076923,775
14.5,22,776
12.8524590163934,3.29508196721311,777
15.8676470588235,5.08823529411765,778
13.7258064516129,3.35483870967742,779
6.86153846153846,30.1846153846154,780
17.9,3.3,781
12.5,3.5,782
7.36363636363636,8.36363636363636,783
8.38461538461539,7.38461538461539,784
8.36363636363636,7.31818181818182,785
8.4,7.36923076923077,786
9.44117647058824,5.07352941176471,787
7.5,5.5,788
8.94339622641509,4.54716981132075,789
8.95652173913044,5.06521739130435,790
9.32835820895522,6.1044776119403,791
9.38235294117647,6.17647058823529,792
9.38235294117647,6.17647058823529,793
9.42028985507246,6.15942028985507,794
9.38235294117647,6.17647058823529,795
9.08219178082192,5.95890410958904,796
8,7.5,797
6.0625,6.984375,798
6.0625,6.984375,799
6.0625,6.984375,800
6.0625,6.984375,801
6.0625,6.984375,802
6.0625,6.984375,803
6.0625,6.984375,804
6.0625,6.984375,805
6.0625,6.984375,806
6.0625,6.984375,807
6.11111111111111,6.96825396825397,808
12,5.5,809
12.5,5.5,810
12.5,5.5,811
12.5,5.5,812
12.5,5.5,813
12.5,5.5,814
12.5,5.5,815
12.5,5.5,816
12.5774647887324,5.46478873239437,817
12.5,5.5,818
12.5,5.5,819
12.5,5.5,820
12.5,5.5,821
12.5,5.5,822
12.5774647887324,5.46478873239437,823
12.5774647887324,5.46478873239437,824
12.5774647887324,5.46478873239437,825
12.5774647887324,5.46478873239437,826
12.5774647887324,5.46478873239437,827
12.5774647887324,5.46478873239437,828
12.5774647887324,5.46478873239437,829
12.5774647887324,5.46478873239437,830
12.5774647887324,5.46478873239437,831
12.5774647887324,5.46478873239437,832
12.5774647887324,5.46478873239437,833
12.5774647887324,5.46478873239437,834
12.5,5.5,835
12.5,5.5,836
12.5774647887324,5.46478873239437,837
12.5774647887324,5.46478873239437,838
12.5774647887324,5.46478873239437,839
12.5,5.5,840
12.5774647887324,5.46478873239437,841
12.5774647887324,5.46478873239437,842
12.5774647887324,5.46478873239437,843
12.5774647887324,5.46478873239437,844
12.5774647887324,5.46478873239437,845
12.5,5.5,846
12.5,5.5,847
12.5,5.5,848
12.5774647887324,5.46478873239437,849
12.5,5.5,850
12.5,5.5,851
12.5,5.5,852
12.5,5.5,853
12.5,5.5,854
12.5,5.5,855
12.1594202898551,5.84057971014493,856
12.1475409836066,5.37704918032787,857
12.0491803278689,5.45901639344262,858
12.1129032258065,5.41935483870968,859
12.1129032258065,5.41935483870968,860
12.0491803278689,5.45901639344262,861
12.0491803278689,5.45901639344262,862
12.1475409836066,5.37704918032787,863
12.1129032258065,5.41935483870968,864
12.1475409836066,5.37704918032787,865
12.1475409836066,5.37704918032787,866
12.1475409836066,5.37704918032787,867
12.1129032258065,5.41935483870968,868
12.1129032258065,5.41935483870968,869
12.0491803278689,5.45901639344262,870
12.1129032258065,5.41935483870968,871
12.2258064516129,5.33870967741935,872
12.2258064516129,5.33870967741935,873
12.2258064516129,5.33870967741935,874
12.2307692307692,4.76923076923077,875
12.3030303030303,4.74242424242424,876
12.3030303030303,4.74242424242424,877
12.3030303030303,4.74242424242424,878
12.3030303030303,4.74242424242424,879
12.3030303030303,4.74242424242424,880
12.3030303030303,4.74242424242424,881
12.2121212121212,4.81818181818182,882
12.3030303030303,4.74242424242424,883
12.2121212121212,4.81818181818182,884
12.3030303030303,4.74242424242424,885
12.2121212121212,4.81818181818182,886
12.1710526315789,4.82894736842105,887
11.25,5.75,888
10.9545454545455,6,889
10.9545454545455,6,890
10.9545454545455,6,891
10.9545454545455,6,892
10.9545454545455,6,893
10.9545454545455,6,894
10.9545454545455,6,895
10.9545454545455,6,896
10.9545454545455,6,897
10.9545454545455,6,898
10.9545454545455,6,899
10.9545454545455,6,900
10.9545454545455,6,901
10.9545454545455,6,902
10.9545454545455,6,903
10.5384615384615,6,904
11,6,905
11,6,906
11,6,907
11,6,908
11,6,909
11,6,910
11,6,911
11,6,912
11,6,913
11,6,914
11,6,915
11,6,916
11,6,917
11,6,918
11,6,919
10.2028985507246,5.34782608695652,920
19.1063829787234,10.1276595744681,921
7.46153846153846,15.4615384615385,922
20,23,923
8.64864864864865,29.1351351351351,924
17.5762711864407,3.45762711864407,925
12.4285714285714,25.0714285714286,926
5.44897959183673,30.9591836734694,927
15.0666666666667,3.4,928
4.94444444444444,5,929
13.3090909090909,3.29090909090909,930
14.4814814814815,5.17283950617284,931
15.943661971831,5.49295774647887,932
15.859375,3.421875,933
16.7857142857143,3.71428571428571,934
17,3.5,935
15.2753623188406,3.40579710144928,936
16.7777777777778,3.3968253968254,937
16.7796610169492,3.8135593220339,938
16.0441176470588,5.92647058823529,939
15.5,3.91176470588235,940
16,3.421875,941
16.0882352941176,4.05882352941176,942
18.4255319148936,3.4468085106383,943
9.97435897435897,4.52564102564103,944
16.4615384615385,5.92307692307692,945
9.92156862745098,3.47058823529412,946
17,5.5,947
13.3384615384615,3.78461538461538,948
14.3548387096774,3.95161290322581,949
14.6153846153846,4,950
13.5625,4.09375,951
13.8852459016393,3.90163934426229,952
13.14,3.32,953
15.7111111111111,3.35555555555556,954
16.9268292682927,3.4390243902439,955
15,4.95454545454545,956
15.265625,10.796875,957
15.3787878787879,3.83333333333333,958
14.7843137254902,3.37254901960784,959
12.5,4,960
18.4385964912281,3.54385964912281,961
