x,y,t
NaN,NaN,1
11.2452830188679,32.6792452830189,2
17.6304347826087,32.6086956521739,3
5,34.5,4
8.28947368421053,34.5789473684211,5
14.5,34.5,6
15.7111111111111,33.6444444444444,7
20.5423728813559,14.0338983050847,8
15.9411764705882,33.7450980392157,9
15.5,35,10
13.5,35,11
8.21621621621622,34.6216216216216,12
16.0634920634921,33.5396825396825,13
13.5609756097561,32.9268292682927,14
13,35,15
6,34.5,16
18.9491525423729,26.4745762711864,17
8.5,34.5,18
9,35,19
9,35,20
8.5,34.5,21
7.5,34.5,22
9,35,23
14.4615384615385,31.0769230769231,24
5.046875,30.984375,25
6.5,34.5,26
19.0909090909091,27.0909090909091,27
12.859375,32.765625,28
10,34.5,29
11,35,30
11.2142857142857,34.1428571428571,31
5,33.625,32
8,34.156862745098,33
6.44444444444444,34.2222222222222,34
8.79411764705882,34.5882352941176,35
13.4285714285714,33.5714285714286,36
4.5,34.5,37
8.83720930232558,34.093023255814,38
14.7857142857143,34.5714285714286,39
12,34.5,40
10,34.1212121212121,41
14.6818181818182,3.34848484848485,42
4,32,43
11.6666666666667,34.2222222222222,44
11,35,45
19.3728813559322,25.8983050847458,46
4,13.5,47
4,34.5,48
5,34.5,49
6,34.5,50
9.88372093023256,34.5348837209302,51
9.18181818181818,34.2272727272727,52
9.38709677419355,34.5483870967742,53
17,33.5,54
9,34.5,55
8,34.5,56
10.3870967741935,34.5483870967742,57
13,34.5,58
18.7213114754098,31.1803278688525,59
19.536231884058,26.9565217391304,60
18.2758620689655,32.7241379310345,61
17.12,32.54,62
16.38,34.18,63
5.75,33.6666666666667,64
18,34,65
17.5,34,66
11.2058823529412,34.5882352941176,67
6.83720930232558,34.093023255814,68
17.1162790697674,2.46511627906977,69
12.3,5.2,70
5.33333333333333,34.0833333333333,71
9.38461538461539,34.5384615384615,72
17.5862068965517,17.0862068965517,73
9.27659574468085,33.7234042553191,74
8.6578947368421,34.1052631578947,75
5.38461538461539,34.5384615384615,76
5.79411764705882,34.5882352941176,77
4.5,34,78
8.5,2.5,79
17.2439024390244,2.80487804878049,80
3.88,32.54,81
6.24324324324324,34.1351351351351,82
6.40540540540541,34.6216216216216,83
5.3,34.6,84
6,34.5882352941176,85
6.5,34.5789473684211,86
6.28947368421053,34.5789473684211,87
6.5,34.5,88
7.5,34.5,89
8.79411764705882,34.5882352941176,90
15.7307692307692,33.6538461538462,91
9.5,34.5,92
16.3684210526316,29.9473684210526,93
11,34.5,94
12,35,95
6.91176470588235,34.0588235294118,96
8.5,34.5,97
8,34.5,98
9.88888888888889,34.5555555555556,99
9.88888888888889,34.5555555555556,100
9.88888888888889,34.5555555555556,101
10.5,34.5,102
11.2272727272727,34.25,103
4.04918032786885,31.5081967213115,104
5.74468085106383,32.7021276595745,105
11,35,106
8.21621621621622,34.6216216216216,107
8.21621621621622,34.6216216216216,108
8.16666666666667,34.6666666666667,109
9.3,34.6,110
9.3,34.6,111
9.5,35,112
9,34.5,113
8.38461538461539,34.5384615384615,114
8.5,35,115
16.5,34,116
7,34.5,117
9,35,118
8.21621621621622,34.6216216216216,119
8.79411764705882,34.5882352941176,120
11.5,34.5,121
10.7727272727273,33.7272727272727,122
7,2.5,123
7.46153846153846,30.0769230769231,124
5.5,34.5,125
5.5,34.5,126
5.5,34.5,127
5.5,34.5,128
6,34.5,129
5.5,34.5,130
7.5,34.5,131
8.21621621621622,34.6216216216216,132
9.3,34.6,133
9.80769230769231,34.6153846153846,134
9.3,34.6,135
3.75,31.25,136
4.91176470588235,34.0588235294118,137
6,34.5,138
19.3,31.8,139
11.6086956521739,34.5652173913044,140
3.66666666666667,30.1666666666667,141
19.4893617021277,32.8297872340426,142
18,34.093023255814,143
13.4358974358974,34.2564102564103,144
5.41509433962264,4.54716981132075,145
8,2.5,146
14,34.5,147
11,35,148
8.88372093023256,34.5348837209302,149
9.38461538461539,34.5384615384615,150
10.5,34.6,151
9.60869565217391,34.5652173913044,152
10.5,35,153
11,35,154
9.80769230769231,34.6153846153846,155
10,35,156
9.80769230769231,34.6153846153846,157
10.3,34.6,158
13.2058823529412,34.5882352941176,159
6.09090909090909,34.0454545454545,160
7.04545454545455,10.0151515151515,161
4.65957446808511,33.6808510638298,162
6.59459459459459,34.6216216216216,163
6,34.5,164
5.61538461538461,34.5384615384615,165
5.76923076923077,34.6923076923077,166
6.8780487804878,34.1951219512195,167
20.25,17.25,168
15.5,2.93103448275862,169
6.88571428571429,34.5428571428571,170
11,34.5,171
18.5,31.5,172
9.11428571428571,34.2285714285714,173
10.5714285714286,33.4285714285714,174
18.3333333333333,30.8333333333333,175
19.1551724137931,31.6896551724138,176
18.0882352941176,34.0588235294118,177
18,34,178
17.5862068965517,34.0689655172414,179
16.8181818181818,34.0909090909091,180
16.8181818181818,34.0909090909091,181
17.3214285714286,34.1071428571429,182
4.91176470588235,34.0588235294118,183
7.3,34.6,184
7.3,34.6,185
11,34.5,186
11,35,187
11,34.5,188
11,35,189
11,34.5,190
11,35,191
11,35,192
11,35,193
11,35,194
11,35,195
11,35,196
8.33333333333333,34.0833333333333,197
12.8333333333333,34.1666666666667,198
11,34.5,199
8.2051282051282,33.6666666666667,200
8,34.5,201
7.5,34.5,202
7.5,34.5,203
14,34.5,204
14.5,34.5,205
14.0882352941176,34.0588235294118,206
13.5,34,207
13.5,34,208
13.5,34,209
13.5,34,210
13.5862068965517,34.0689655172414,211
14.5,34,212
14.0882352941176,34.0588235294118,213
14.125,33.625,214
11,35,215
6.36363636363636,33.7045454545455,216
9.3,34.6,217
8.28947368421053,34.5789473684211,218
11.2745098039216,34.156862745098,219
10.9090909090909,30.9090909090909,220
10.3636363636364,31.6363636363636,221
6.5,2,222
7.22222222222222,2.77777777777778,223
16.9777777777778,32.9777777777778,224
8.83018867924528,34.0754716981132,225
17.5,33.6086956521739,226
19.9838709677419,6.54838709677419,227
14.0172413793103,33.3448275862069,228
6.38095238095238,5.80952380952381,229
7.70175438596491,32.2456140350877,230
7.07692307692308,32.75,231
8.79411764705882,34.5882352941176,232
9.3,34.6,233
8.04545454545454,34.2272727272727,234
5.16279069767442,34.093023255814,235
9.88571428571429,34.5428571428571,236
9.87804878048781,34.1951219512195,237
8.76923076923077,34.1153846153846,238
10,35,239
19.8125,20.203125,240
17.3174603174603,30.3015873015873,241
7.25,26.8333333333333,242
7,34.1951219512195,243
7.5,34.5,244
5.5,34.5,245
6.5,34.5,246
6.5,34.5,247
8,34.5,248
12,34.5,249
13.6578947368421,34.1052631578947,250
16.1052631578947,31,251
16.3728813559322,31.8813559322034,252
17.0555555555556,32,253
16.728813559322,32.1694915254237,254
16.1090909090909,32.0181818181818,255
16.2291666666667,32.6041666666667,256
16.3913043478261,32.3695652173913,257
16.5593220338983,31.9830508474576,258
16.4833333333333,31.9833333333333,259
16.5272727272727,32.4,260
17.65625,30.640625,261
14.7678571428571,33.6607142857143,262
10.5,34.5,263
10.7254901960784,34.156862745098,264
18.0612244897959,31.530612244898,265
14.9591836734694,33.4489795918367,266
14,34,267
11.9365079365079,33.4603174603175,268
15.0731707317073,33.5609756097561,269
16.5,34,270
14.4285714285714,33.5714285714286,271
11.2391304347826,34.1739130434783,272
11.0925925925926,34.037037037037,273
11.5,34,274
11.3,34.2,275
12.2745098039216,34.156862745098,276
11.0925925925926,34.037037037037,277
11.7608695652174,34.1739130434783,278
11.0925925925926,34.037037037037,279
11.7608695652174,34.1739130434783,280
11.7608695652174,34.1739130434783,281
11.7608695652174,34.1739130434783,282
11.7608695652174,34.1739130434783,283
11.7777777777778,34.2222222222222,284
11.2745098039216,34.156862745098,285
14.0882352941176,34.0588235294118,286
13.4489795918367,33.0408163265306,287
12.2745098039216,34.156862745098,288
11.7608695652174,34.1739130434783,289
11.2745098039216,34.156862745098,290
11.3,34.2,291
11.7608695652174,34.1739130434783,292
11.3,34.2,293
11.7608695652174,34.1739130434783,294
11.7608695652174,34.1739130434783,295
11.3,34.2,296
11.3,34.2,297
11.3,34.2,298
11.3,34.2,299
11.5,34.5,300
11.0925925925926,34.037037037037,301
15.125,33.625,302
12.9333333333333,32.6833333333333,303
11.4067796610169,34.0338983050847,304
11,34.5,305
15.9268292682927,33.5609756097561,306
16.5,33.5862068965517,307
13.8125,32.6875,308
12.3636363636364,32.6363636363636,309
11.0925925925926,34.037037037037,310
11,34,311
11,34.5,312
11.0925925925926,34.037037037037,313
11,34.0754716981132,314
13.9423076923077,33.8269230769231,315
13.6304347826087,34.1739130434783,316
10,34,317
18.0769230769231,33.5384615384615,318
16.5833333333333,32.1666666666667,319
10.1538461538462,33.8269230769231,320
10.2391304347826,34.1739130434783,321
9.75,33.7708333333333,322
10.188679245283,33.6792452830189,323
9.87804878048781,34.1951219512195,324
10.3695652173913,34.1739130434783,325
8.92857142857143,34.1428571428571,326
9.27659574468085,34.1276595744681,327
9,34.5,328
11,35,329
9.5,34.5,330
9.78571428571429,34.1428571428571,331
10.5,34.5,332
10,34.5,333
9.43243243243243,34.1621621621622,334
9.5,34.5,335
9.5,34.5,336
9.5,34.5,337
9.5,34.5,338
9.5,34.5,339
9.5,34.5,340
9.5,34.5,341
9,34.5,342
9.5,34.5,343
9.3421052631579,34.1052631578947,344
10.4137931034483,34.0689655172414,345
9.78571428571429,34.1428571428571,346
9.5,34.5,347
9.5,34.5,348
9.87804878048781,34.1951219512195,349
9.5,34.5,350
9.5,34.5,351
9.43243243243243,34.1621621621622,352
9.5,34.5,353
10.2972972972973,34.1621621621622,354
12.5,34.5,355
9.82,34.2,356
9,34.5,357
9.6734693877551,33.7142857142857,358
12.0882352941176,34.0588235294118,359
12.8846153846154,32.8076923076923,360
9.87804878048781,34.1951219512195,361
12.5,34,362
11.2978723404255,33.7021276595745,363
12,33.5,364
14,33.625,365
13.5714285714286,33.5714285714286,366
13,33.5,367
13.5,34,368
16.1754385964912,32.8947368421053,369
17.5,33.5,370
17,33,371
16.3650793650794,31.3968253968254,372
17.5,33,373
14.5744680851064,33.5531914893617,374
17.5744680851064,33.5531914893617,375
17.625,32.875,376
17.5,34,377
17.6470588235294,33.6176470588235,378
16.9268292682927,33.5609756097561,379
14.5,33.5862068965517,380
14.5,34,381
14.5614035087719,33.6315789473684,382
11,34.5,383
13,34,384
14.5,34.5,385
16.469387755102,33.0408163265306,386
18.3333333333333,33.6666666666667,387
14.4255319148936,33.5531914893617,388
14.125,33.625,389
14,34,390
14.125,33.625,391
14.0588235294118,32.5294117647059,392
13.6666666666667,32.6666666666667,393
12.4788732394366,32.0422535211268,394
11.5,34,395
12,34,396
11.5,34,397
12,34,398
10,34.5,399
14.5,34,400
13.4137931034483,34.0689655172414,401
13,34,402
11.5,34,403
11.5,34,404
11.0925925925926,34.037037037037,405
11.5,34,406
11.0925925925926,34.037037037037,407
11.0925925925926,34.037037037037,408
11,33.75,409
10.7777777777778,34.2222222222222,410
10.7777777777778,34.2222222222222,411
17.4313725490196,33.0392156862745,412
16.0714285714286,32.0357142857143,413
14,34.5,414
13,34.5,415
13,34.5,416
13.5,34.5,417
13.4137931034483,34.0689655172414,418
11.0925925925926,34.037037037037,419
14.469387755102,32.9387755102041,420
17.0731707317073,33.5609756097561,421
15.5737704918033,32.0327868852459,422
12.5,34.5,423
11,34,424
9.3421052631579,34.1052631578947,425
9.78571428571429,34.1428571428571,426
9.30232558139535,33.6279069767442,427
9.43243243243243,34.1621621621622,428
9.43243243243243,34.1621621621622,429
9.43243243243243,34.1621621621622,430
9.43243243243243,34.1621621621622,431
9.5,34.5,432
9.5,34.5,433
9.5,34.5,434
9.87804878048781,34.1951219512195,435
9.5,34.5,436
9.5,34.5,437
9.5,34.5,438
9.5,34.5,439
9.43243243243243,34.1621621621622,440
9.5,34.5,441
9.3421052631579,34.1052631578947,442
9.3421052631579,34.1052631578947,443
9.43243243243243,34.1621621621622,444
9.5,34.5,445
9,34.5,446
11.3,34.2,447
18.2407407407407,32.7777777777778,448
17.4,31.6545454545455,449
13.4754098360656,32.9508196721311,450
13.4142857142857,31.0428571428571,451
14.5423728813559,29.9661016949153,452
17.65625,30.640625,453
18.08,29.62,454
18.5609756097561,30.9268292682927,455
18.5,30.5,456
18.4509803921569,30.0588235294118,457
18.9090909090909,21.9090909090909,458
18.75,21.4166666666667,459
18.8245614035088,21.8947368421053,460
18.8245614035088,21.8947368421053,461
9.40740740740741,24.5740740740741,462
9.68518518518519,24.2962962962963,463
10.4074074074074,23.4074074074074,464
10.4363636363636,23.4727272727273,465
11,19.5,466
10.6363636363636,19.6363636363636,467
10.3,19.8,468
10.4390243902439,19.0731707317073,469
10.6530612244898,20.1224489795918,470
7.55555555555556,17.4444444444444,471
7.60869565217391,17.3695652173913,472
8.38983050847458,16.135593220339,473
6.60655737704918,22.1311475409836,474
11.5833333333333,29,475
13.5588235294118,29.0735294117647,476
6.58620689655172,31.9137931034483,477
9.08823529411765,34.0588235294118,478
7.5,34.5,479
7,34.093023255814,480
6.41025641025641,34.0512820512821,481
6.5,34.5,482
7,34.5,483
7,34,484
8.33333333333333,33.7333333333333,485
7,34.5,486
7.16981132075472,34.0754716981132,487
12,34.5,488
11,34.5,489
6.5,34,490
7.95238095238095,34.3095238095238,491
7.38709677419355,34.5483870967742,492
7.38709677419355,34.5483870967742,493
8,34.5,494
7.38709677419355,34.5483870967742,495
7.78571428571429,34.5714285714286,496
7.775,34.225,497
8.72727272727273,34.6363636363636,498
7.88888888888889,34.5555555555556,499
7.88888888888889,34.5555555555556,500
8,34.5,501
9.74576271186441,33.271186440678,502
18.5,24.5,503
4.29508196721311,21.2459016393443,504
8.31818181818182,28.7272727272727,505
19.1111111111111,32,506
11,35,507
13.5,34.5,508
13.5,34.5,509
8.56410256410256,34.2564102564103,510
13.0925925925926,34.037037037037,511
11.1162790697674,2.46511627906977,512
4.7719298245614,32.6666666666667,513
6.68292682926829,34.1707317073171,514
12,34.0754716981132,515
10.515625,17.453125,516
8.83720930232558,34.093023255814,517
14.2051282051282,33.6666666666667,518
16.5846153846154,33.5230769230769,519
5,6.4,520
8.5,34.5,521
7.75,33.7045454545455,522
11,35,523
8.88571428571429,34.5428571428571,524
8.38709677419355,34.5483870967742,525
13.6666666666667,33.6666666666667,526
12.5,31.5,527
19.9056603773585,4.92452830188679,528
3.5,34,529
19.1764705882353,4.35294117647059,530
16.9420289855072,19.6231884057971,531
4.25,27.8333333333333,532
5.5,34,533
5.76,34.18,534
6.59183673469388,34.0408163265306,535
9.40816326530612,34.0408163265306,536
8.92307692307692,34.1153846153846,537
8,34.093023255814,538
8,34.5,539
9,35,540
9,35,541
8.88571428571429,34.5428571428571,542
6.78571428571429,34.1428571428571,543
7.02439024390244,33.780487804878,544
9.3,34.6,545
8.79411764705882,34.5882352941176,546
8.79411764705882,34.5882352941176,547
9.3,34.6,548
9.3,34.6,549
8.68292682926829,34.1707317073171,550
17.5744680851064,33.5531914893617,551
17.9245283018868,31.5471698113208,552
13.0909090909091,34.0454545454545,553
5.35416666666667,3.97916666666667,554
14.5471698113208,5.47169811320755,555
12.0882352941176,34.0588235294118,556
11,34.5,557
12.6578947368421,34.1052631578947,558
12.5675675675676,34.1621621621622,559
12,34.5,560
15.2272727272727,33.1818181818182,561
5.33333333333333,9.16666666666667,562
18.5,34,563
18.5454545454545,32.5454545454545,564
18.9558823529412,30.9852941176471,565
11.7234042553191,34.1276595744681,566
11.2745098039216,34.156862745098,567
11.7234042553191,34.1276595744681,568
12.2307692307692,34.1153846153846,569
11.4285714285714,33.875,570
11.7551020408163,32.2040816326531,571
12.1515151515152,34.1212121212121,572
9.32608695652174,34.1521739130435,573
8.04545454545454,34.2272727272727,574
8.04545454545454,34.2272727272727,575
8.5,34.5,576
7.71428571428571,34.2244897959184,577
8.13333333333333,34.2,578
7.78571428571429,34.5714285714286,579
7.78571428571429,34.5714285714286,580
7.53061224489796,34.2040816326531,581
8.79411764705882,34.5882352941176,582
7.58490566037736,33.3207547169811,583
10,34.5,584
9.80769230769231,34.6153846153846,585
9.3,34.6,586
9.3,34.6,587
9.85,33.6,588
11.1320754716981,33.0566037735849,589
6.66666666666667,34.0833333333333,590
11.5,34.5,591
8.6578947368421,34.1052631578947,592
5.35294117647059,32.1764705882353,593
17.9268292682927,33.5609756097561,594
10.5,34.5,595
13.4444444444444,33.4444444444444,596
9.76595744680851,34.1063829787234,597
9.3695652173913,34.1739130434783,598
8.5,34.5,599
9,34.5,600
8.08823529411765,34.0588235294118,601
10,34.5,602
9,34.5,603
9,34.5,604
10,34.5,605
9.88372093023256,34.5348837209302,606
9.5,34.5,607
8.5,34.0689655172414,608
3.6530612244898,31.8775510204082,609
16.5,34,610
9.80769230769231,34.6153846153846,611
8.42857142857143,33.5714285714286,612
6.08,22.62,613
11.5,32.5,614
11.5744680851064,33.5531914893617,615
17.7380952380952,33.6904761904762,616
14.5897435897436,34.0512820512821,617
6.83720930232558,34.093023255814,618
9.5,34,619
9.67741935483871,34.1935483870968,620
9.67741935483871,34.1935483870968,621
9.80769230769231,34.6153846153846,622
10,34.1212121212121,623
15,33.5,624
9.53703703703704,4.53703703703704,625
5.94444444444444,5,626
17.6578947368421,2.89473684210526,627
18.5,2,628
17.92,31.38,629
5,9.5,630
18.6666666666667,32.6666666666667,631
14.6578947368421,34.1052631578947,632
6.11428571428571,34.5428571428571,633
8.5,6.93055555555556,634
19.0612244897959,32.5102040816327,635
18.5,12,636
13.8727272727273,32.9272727272727,637
5.75675675675676,34.1351351351351,638
5.5,34.1052631578947,639
4.75675675675676,34.1351351351351,640
4.61290322580645,34.5483870967742,641
5.57446808510638,34.1276595744681,642
10,34.5,643
9.75,34.15625,644
9.3,34.6,645
9.38709677419355,34.5483870967742,646
19,29,647
20.3,7.2,648
9.3421052631579,34.1052631578947,649
15.6304347826087,33.6086956521739,650
11,34.5,651
12.0882352941176,34.0588235294118,652
11.5,34.5,653
10.5,34.5,654
11,34.5,655
4.29508196721311,9.14754098360656,656
20.0612244897959,4.48979591836735,657
18,28.5,658
17.5862068965517,29.5,659
17.0535714285714,30.9821428571429,660
17.4107142857143,30.6071428571429,661
17.5384615384615,30.0769230769231,662
16.9206349206349,29.9365079365079,663
8.15151515151515,34.1212121212121,664
8.5,34,665
9.91176470588235,34.0588235294118,666
11.3913043478261,34.5652173913044,667
10.5641025641026,34.2564102564103,668
9.08823529411765,34.0588235294118,669
8.5,34,670
8.5,34.5,671
9.5,34.5,672
6.83720930232558,34.093023255814,673
9.84848484848485,34.1212121212121,674
14.5,32,675
14.9,19.7,676
20.5862068965517,2.93103448275862,677
3.81818181818182,33.1363636363636,678
9.33333333333333,34.0833333333333,679
10,34.5,680
10.7941176470588,34.5882352941176,681
8.79411764705882,34.5882352941176,682
9.5,34.5,683
7.33333333333333,34.0833333333333,684
6.74,33.68,685
6.90909090909091,34.0454545454545,686
6.83720930232558,34.093023255814,687
7.33333333333333,34.0833333333333,688
17.9661016949153,28.5593220338983,689
17.1230769230769,32.0153846153846,690
15.12,32.54,691
16.2619047619048,34.1190476190476,692
15.7,34.6,693
13.2857142857143,33.734693877551,694
4.90909090909091,34.0454545454545,695
11,34.5,696
9.41379310344828,34.0689655172414,697
17.1272727272727,33.0727272727273,698
12.1515151515152,34.1212121212121,699
11.8260869565217,2.84782608695652,700
4.75,11.25,701
17.7560975609756,2.80487804878049,702
15.0434782608696,7.06521739130435,703
5.3,4.8,704
19.3148148148148,31.3518518518519,705
15.5,2.89473684210526,706
13.8837209302326,2.46511627906977,707
7.15625,2.3125,708
15.5,2.5,709
14.0735294117647,32.0294117647059,710
10.2112676056338,30.6619718309859,711
10,34.5,712
11.5,34.5,713
11,34.5,714
11,34.5,715
11,34.5,716
11,35,717
10.3913043478261,34.5652173913044,718
11,35,719
11,34.5,720
11,34.5,721
9,34,722
11.75,34.15625,723
8.5,33.5,724
9.38709677419355,34.5483870967742,725
8.27659574468085,34.1276595744681,726
7.62,34.18,727
7.5,34.5,728
7.34210526315789,34.1052631578947,729
7.38709677419355,34.5483870967742,730
8.24324324324324,34.1351351351351,731
7.33333333333333,34.1944444444444,732
7.71428571428571,34.2244897959184,733
8,34.5,734
7.38461538461539,34.5384615384615,735
7.33333333333333,34.2222222222222,736
8.7,34.6,737
8.9,34.225,738
8.90909090909091,34.0454545454545,739
6.90740740740741,34.037037037037,740
9.24137931034483,34.6551724137931,741
8.04545454545454,34.2272727272727,742
8.79411764705882,34.5882352941176,743
8.79411764705882,34.5882352941176,744
14.6615384615385,32.5846153846154,745
14.7538461538462,29.7846153846154,746
8.5,34,747
9.31578947368421,34.0789473684211,748
16.7,29.9,749
12.3137254901961,32.5294117647059,750
17,31,751
19,32,752
17.5454545454545,32.5454545454545,753
18.7272727272727,31.7272727272727,754
17.0535714285714,31.2321428571429,755
17.3684210526316,31.3157894736842,756
17.9230769230769,30.9230769230769,757
18.5915492957746,31.1408450704225,758
18.4461538461538,31.4923076923077,759
18.5,32,760
17.8301886792453,32.7924528301887,761
18.5172413793103,31.9655172413793,762
8.54901960784314,33.156862745098,763
5.5,34,764
10.5,34.0689655172414,765
10.5789473684211,34.1052631578947,766
10.18,34.2,767
11,34.5,768
12,34.5,769
11,34.5,770
10.7358490566038,34.2641509433962,771
10,34.5,772
7.44444444444444,34.2222222222222,773
8.04545454545454,34.2272727272727,774
16.9571428571429,30.5142857142857,775
7.43243243243243,34.1621621621622,776
5.66666666666667,21.8333333333333,777
10,35,778
9.33333333333333,34.2222222222222,779
7.82,34.2,780
8.69230769230769,34.2564102564103,781
8.79411764705882,34.5882352941176,782
8.72727272727273,34.6363636363636,783
8.79411764705882,34.5882352941176,784
8.33333333333333,34.2222222222222,785
8.5,34.5,786
8.28947368421053,34.5789473684211,787
14.4745762711864,32.9491525423729,788
14.125,33.625,789
8.6,34.2,790
11,34.5,791
8.04545454545454,34.2272727272727,792
8,34.5,793
7.5,34.5,794
7.5,34.5,795
7.625,34.25,796
7.92063492063492,31.9206349206349,797
10.969696969697,9.92424242424242,798
9.39130434782609,13.5,799
9.5531914893617,14.4255319148936,800
9.81818181818182,18,801
8.5,2.5,802
4.890625,29.0625,803
5.21153846153846,32.7307692307692,804
6.3,32.2,805
6.5,34.5,806
7,34.1212121212121,807
8.66666666666667,33.6666666666667,808
9.125,33.5833333333333,809
10.0408163265306,33.5510204081633,810
8.5,34.5,811
18.0731707317073,33.4390243902439,812
15.5,34,813
7.81632653061224,33.734693877551,814
17.5384615384615,11.5384615384615,815
5.13235294117647,8.04411764705882,816
5.9,4.4,817
16.65,2.35,818
19.2142857142857,2.85714285714286,819
4.58620689655172,5.94827586206897,820
4.35294117647059,3.38235294117647,821
16.4761904761905,28.4285714285714,822
18.5,34,823
18,33,824
18.7037037037037,32.6481481481481,825
6.25531914893617,4.29787234042553,826
11.7234042553191,34.1276595744681,827
5,34.5,828
8.95081967213115,5.50819672131148,829
4.93333333333333,30.3666666666667,830
6.17391304347826,34.1521739130435,831
8.68292682926829,34.1707317073171,832
8.6,34.2,833
7.625,34.25,834
18.864406779661,25.4067796610169,835
9.5,34.5,836
9.80769230769231,34.6153846153846,837
10.3421052631579,34.1052631578947,838
13.5614035087719,33.6315789473684,839
18.5423728813559,32.0338983050847,840
8.83720930232558,34.093023255814,841
4.96969696969697,8.92424242424242,842
6.07692307692308,7.92307692307692,843
10.3913043478261,30.0289855072464,844
11.5454545454545,32.5454545454545,845
9,34.1212121212121,846
15.6379310344828,29.2068965517241,847
13.5,34,848
13.7636363636364,33.1454545454545,849
13.5,34,850
11.2894736842105,34.5789473684211,851
14.9230769230769,33.6666666666667,852
14.5,34,853
15.5,34.0833333333333,854
16.4,24.9571428571429,855
19,33,856
18.6666666666667,32.4444444444444,857
18.2307692307692,31.2307692307692,858
17.8135593220339,31.271186440678,859
17.6,32.05,860
17.6923076923077,31.6923076923077,861
17.7142857142857,31.6349206349206,862
18.34375,31.359375,863
18.0357142857143,32.0714285714286,864
18.5471698113208,32.0754716981132,865
18.5185185185185,32.462962962963,866
18.4576271186441,31.9661016949153,867
18.3333333333333,31.6212121212121,868
10.6304347826087,34.1739130434783,869
7.86538461538461,33.5961538461538,870
4.41379310344828,34.0689655172414,871
5.11428571428571,34.5428571428571,872
3.91176470588235,34.0588235294118,873
10.5,34,874
18.5,29,875
19.1428571428571,30.6530612244898,876
5.02222222222222,32.9777777777778,877
6,32.5,878
6.66666666666667,32.6666666666667,879
7.67924528301887,32.5660377358491,880
8.23636363636364,33.1454545454545,881
6.08823529411765,34.0588235294118,882
5.91176470588235,34.0588235294118,883
6.84848484848485,34.1212121212121,884
7,34.5,885
10.5918367346939,34.0408163265306,886
10.7608695652174,34.1739130434783,887
4.58974358974359,34.0512820512821,888
6.5,34,889
12.4237288135593,33.5423728813559,890
9,34.5,891
14.3114754098361,33.6885245901639,892
16.3333333333333,2.77777777777778,893
10.3469387755102,25.8775510204082,894
13.5,2.5,895
16.6153846153846,2.46153846153846,896
6.5,2,897
6.33333333333333,32.3333333333333,898
9.3421052631579,34.1052631578947,899
11.5862068965517,34.0689655172414,900
8.92307692307692,5.46153846153846,901
10.7608695652174,34.1739130434783,902
5.73333333333333,34.2,903
3.42857142857143,33.5714285714286,904
11.8474576271186,32.5932203389831,905
19,31.5,906
14.26,33.68,907
6.44444444444444,34.2222222222222,908
20.6851851851852,6.2962962962963,909
9.41379310344828,27.948275862069,910
14.5,32,911
14.3728813559322,32.1186440677966,912
13.28125,32.734375,913
12.9074074074074,34.037037037037,914
13.4081632653061,34.0408163265306,915
10.6304347826087,34.1739130434783,916
8.79411764705882,34.5882352941176,917
16.6071428571429,33.6785714285714,918
16.7258064516129,33.6451612903226,919
15.0508474576271,32.5254237288136,920
18.3333333333333,29.8333333333333,921
10.5918367346939,34.0408163265306,922
12.0909090909091,32.9545454545455,923
13,6,924
12.5,7,925
12.5178571428571,6.60714285714286,926
15.3636363636364,6.63636363636364,927
5.55813953488372,4.46511627906977,928
16.96875,4.953125,929
17.5,4,930
14.1627906976744,2.90697674418605,931
18.7692307692308,27.7692307692308,932
14.1836734693878,33.734693877551,933
15.1515151515152,3.89393939393939,934
5.484375,6.515625,935
18.5,2.5,936
13.3947368421053,10.4868421052632,937
20,30.5,938
18.6785714285714,31.2857142857143,939
17.5384615384615,27.9230769230769,940
17.5,28.5,941
16.5423728813559,29.0338983050847,942
12.8333333333333,32.3333333333333,943
16.8805970149254,32.8358208955224,944
12.0833333333333,33.75,945
4.58620689655172,12.948275862069,946
4.45762711864407,31.5762711864407,947
3.69230769230769,33.1538461538462,948
4.11111111111111,34.5555555555556,949
4,34.5,950
4.11111111111111,34.5555555555556,951
4.11111111111111,34.5555555555556,952
19.3529411764706,32.1764705882353,953
19.2727272727273,31.2727272727273,954
19,31.5,955
19.3728813559322,30.8983050847458,956
19.5,31.5,957
18.4489795918367,32.0408163265306,958
19.5,31.5,959
19.6530612244898,32.1224489795918,960
15.0925925925926,34.037037037037,961
