x,y,t
21,2.5,1
7.5,2,2
13.5,2.5,3
18.5,2.5,4
13,2.5,5
10.5,2.5,6
13.1142857142857,2.45714285714286,7
16.8372093023256,2.90697674418605,8
13.5,2.5,9
6,2.5,10
11.1142857142857,2.45714285714286,11
14.6153846153846,2.46153846153846,12
15,2.5,13
15,2.5,14
15,2.5,15
15,2.5,16
15,2.5,17
15,2.5,18
15,2.5,19
15,2.5,20
15,2.5,21
15,2.5,22
15,2.5,23
15,2.5,24
15,2.5,25
15,2.5,26
15,2.5,27
15,2.5,28
15,2.5,29
15.5,2.5,30
15,2.5,31
15,2.5,32
15,2.5,33
15,2.5,34
15,2.5,35
15,2.5,36
15,2.5,37
15,2.5,38
15.5,2.5,39
15.5,2.5,40
15.5,2.5,41
15,2.5,42
15,2.5,43
15,2.5,44
15,2.5,45
15,2.5,46
15,2.5,47
15,2.5,48
15,2.5,49
14.5,2.5,50
14.5,2.5,51
15.5,2.5,52
12.1923076923077,2.38461538461538,53
11,2,54
12.1111111111111,2.44444444444444,55
12.1923076923077,2.38461538461538,56
12.6129032258065,2.45161290322581,57
12.1111111111111,2.44444444444444,58
12.1111111111111,2.44444444444444,59
12.1923076923077,2.38461538461538,60
12.1923076923077,2.38461538461538,61
12.7,2.4,62
10,2,63
10,2,64
10,2,65
10,2,66
12,2.5,67
10,2,68
9.83333333333333,2.33333333333333,69
19,2.5,70
18.5,2.5,71
18.5,2.5,72
18.5,2.5,73
18.5,2.5,74
18.5,2.5,75
18.5,2.5,76
19,2.5,77
18.5,2.5,78
14.5,2.5,79
13.2727272727273,2.36363636363636,80
12.2058823529412,2.41176470588235,81
12.2727272727273,2.36363636363636,82
12.2727272727273,2.36363636363636,83
12.2727272727273,2.36363636363636,84
12.2727272727273,2.36363636363636,85
12.2727272727273,2.36363636363636,86
12.2727272727273,2.36363636363636,87
11.7837837837838,2.37837837837838,88
17.2142857142857,2.85714285714286,89
13,2.5,90
16.5,2.5,91
18,2.5,92
17.5,2.5,93
18,2.5,94
17.5,2.5,95
17.5,2.5,96
17.5,2.5,97
15.5,2.5,98
18,2.5,99
18,2.5,100
19,2.87878787878788,101
18,2.5,102
16,2.90697674418605,103
17,2.5,104
18,2.5,105
18,2.5,106
18,2.5,107
18,2.5,108
18,2.5,109
18,2.5,110
18,2.5,111
18,2.5,112
16,2.5,113
15,2.5,114
16,2.5,115
16,2.5,116
16,2.5,117
16,2.5,118
16,2.5,119
16,2.5,120
15.5,2.5,121
15.5,2.5,122
15.5,2.5,123
15.5,2.5,124
15.5,2.5,125
15.5,2.5,126
15,2.5,127
9.83333333333333,2.33333333333333,128
14.5,2.5,129
16,3,130
13.5,2.5,131
14,2.5,132
13.5,2.5,133
13.5,2.5,134
13.5,2.5,135
13.5,2.5,136
13.5,2.5,137
13.5,2.5,138
13.5,2.5,139
13.5,2.5,140
13.5,2.5,141
13.5,2.5,142
13.5,2.5,143
13.5,2.5,144
13.5,2.5,145
13.5,2.5,146
13.5,2.5,147
13.5,2.5,148
13.5,2.5,149
13.5,2.5,150
13.5,2.5,151
13.5,2.5,152
13.5,2.5,153
13.5,2.5,154
14.5,2.5,155
NaN,NaN,156
16.5,2.5,157
14,2.5,158
18.4042553191489,3.19148936170213,159
16.7234042553191,2.87234042553191,160
17.5,2.5,161
17,2.5,162
17,2.5,163
17,2.5,164
17,2.5,165
16.1515151515152,2.87878787878788,166
13,2.5,167
15.4102564102564,2.94871794871795,168
12.5,2.5,169
19.5,2.5,170
19.5,2.5,171
19.5,2.5,172
19.5,2.5,173
19.5,2.5,174
19.5,2.5,175
19.5,2.5,176
19.5,2.5,177
19.5,2.5,178
19.5,2.5,179
13.5,2.5,180
15.7608695652174,2.82608695652174,181
10,2.5,182
17.7027027027027,2.83783783783784,183
15,2.5,184
14,2.5,185
11.5,2.5,186
16.5,2.5,187
17.5,2.5,188
19,2.5,189
18.5,2.5,190
18.5,2.5,191
19,2.5,192
19,2.5,193
19,2.5,194
19,2.5,195
19,2.5,196
19,2.5,197
19,2.5,198
19,2.5,199
19,2.5,200
19,2.5,201
19,2.5,202
19,2.5,203
19,2.5,204
19,2.5,205
19,2.5,206
19,2.5,207
19,2.5,208
19,2.5,209
19,2.5,210
19,2.5,211
19,2.5,212
19,2.5,213
19,2.5,214
19,2.5,215
19,2.5,216
19,2.5,217
18.5,2.5,218
19,2.5,219
19,2.5,220
19,2.5,221
16.5,2.5,222
15.5,2.5,223
15.5,2.5,224
15.5,2.5,225
15.5,2.5,226
15.5,2.5,227
15.5,2.5,228
15.5,2.5,229
14,2.5,230
18.5,2.5,231
18.5,2.5,232
18.5,2.5,233
19,2.5,234
19,2.5,235
18.5,2.5,236
15.5,2.5,237
13.5,2.5,238
7.5,2,239
9.5,2,240
8,2,241
9.5,2,242
8,2,243
9.5,2,244
8.5,2,245
9.5,2,246
8,2,247
9.5,2,248
17.5,2.5,249
17.9090909090909,2.95454545454545,250
19,2.5,251
18,2.5,252
18.5,2.5,253
18.5,2.5,254
18.5,2.5,255
18,2.5,256
13.5,2.5,257
12.5,2.5,258
12.0714285714286,2.85714285714286,259
14,2.87878787878788,260
18.6666666666667,2.77777777777778,261
13,2.5,262
15,2.5,263
16.1428571428571,3.21428571428571,264
7.5,2,265
18,10.5,266
15.8372093023256,2.90697674418605,267
15.5,2.5,268
15.5,2.5,269
15.5,2.5,270
15.5,2.5,271
15.5,2.5,272
15.5,2.5,273
15.5,2.5,274
12.5,2.5,275
15.5,2.5,276
15.5,2.5,277
15.5,2.5,278
15.5,2.5,279
15.5,2.5,280
15.5,2.5,281
15.5,2.5,282
15.5,2.5,283
15.5,2.5,284
15.5,2.5,285
15,2.5,286
16.8372093023256,2.90697674418605,287
14,2.5,288
13,2.5,289
13.1142857142857,2.45714285714286,290
13,2.5,291
13.1142857142857,2.45714285714286,292
13,2.5,293
15,2.5,294
19.3061224489796,2.75510204081633,295
14.5,2.5,296
14,2.5,297
15.1627906976744,2.90697674418605,298
9.83333333333333,2.33333333333333,299
19.7560975609756,2.80487804878049,300
20,2.5,301
13.3695652173913,2.82608695652174,302
13.4102564102564,2.94871794871795,303
12,2.5,304
15.9285714285714,2.85714285714286,305
14.5,2.5,306
15,2.5,307
14.5,2.5,308
15,2.5,309
14.5,2.5,310
14.5,2.5,311
14.5,2.5,312
14.5,2.5,313
14.5,2.5,314
14.5,2.5,315
14.5,2.5,316
14.5,2.5,317
14.5,2.5,318
14.5,2.5,319
14.5,2.5,320
14.5,2.5,321
15,2.5,322
15,2.5,323
15,2.5,324
15,2.5,325
15,2.5,326
18,2.5,327
14.3695652173913,2.82608695652174,328
17.7234042553191,2.87234042553191,329
17,2.5,330
17.5,2.5,331
15.4324324324324,2.83783783783784,332
15.7608695652174,2.82608695652174,333
19.3333333333333,2.77777777777778,334
18.0882352941176,2.94117647058824,335
14,2.5,336
19.7272727272727,4.31818181818182,337
11.2619047619048,2.88095238095238,338
15.6304347826087,2.82608695652174,339
19.6578947368421,2.89473684210526,340
10.7,2.4,341
9,2,342
9.5,2,343
9.5,2,344
9.5,2,345
15.5,2.5,346
13,2.5,347
11,2,348
17.2972972972973,2.83783783783784,349
16.0882352941176,2.94117647058824,350
13,2.5,351
14,2.5,352
20.9117647058824,2.94117647058824,353
16.9545454545455,5.03030303030303,354
18.0588235294118,3.54901960784314,355
9,2,356
11.5,2.5,357
10,2,358
15,2.87878787878788,359
15,2.5,360
15,2.5,361
15,2.5,362
15,2.5,363
15,2.5,364
15,2.5,365
15,2.5,366
15,2.5,367
15,2.5,368
15,2.5,369
15,2.5,370
15,2.5,371
15,2.5,372
15,2.5,373
15,2.5,374
15,2.5,375
14.5,2.5,376
15,2.5,377
14.5,2.5,378
15,2.5,379
15,2.5,380
15,2.5,381
15,2.5,382
15,2.5,383
15,2.5,384
15,2.5,385
14.5,2.5,386
15,2.5,387
14.5,2.5,388
15,2.5,389
13.5,2.5,390
10.5,2.5,391
13.5862068965517,2.93103448275862,392
14.5,2.5,393
14.5,2.5,394
14.5,2.5,395
14.5,2.5,396
14.5,2.5,397
14.5,2.5,398
14.5,2.5,399
14.5,2.5,400
14.5,2.5,401
14.5,2.5,402
14,2.5,403
20.2439024390244,2.80487804878049,404
13.3384615384615,7.41538461538462,405
18,2.5,406
18.5,2.5,407
19,2.5,408
18.5,2.5,409
18.5,2.5,410
18,2.5,411
10.5,2.5,412
11.5,2.5,413
7.5,2,414
18.5,2.5,415
20,2.5,416
20,2.5,417
20,2.5,418
20,2.5,419
19.5,2.5,420
19.5,2.5,421
16.5,2.5,422
15,2.5,423
15,2.5,424
15,2.5,425
15,2.5,426
15,2.5,427
15,2.5,428
15,2.5,429
15,2.5,430
15,2.5,431
15,2.5,432
16,2.5,433
12,2.5,434
15,2.5,435
19.5423728813559,11.4237288135593,436
21.5609756097561,10.0731707317073,437
5.63636363636364,21.3636363636364,438
4.56410256410256,22.0512820512821,439
18,6.5,440
13.8518518518519,4.12962962962963,441
12.5,4,442
19.1346153846154,3.40384615384615,443
21.5714285714286,3.57142857142857,444
15.8372093023256,2.90697674418605,445
15.5,2.5,446
15.5,2.5,447
15.5,2.5,448
15.5,2.5,449
15.5,2.5,450
15.5,2.5,451
15.5,2.5,452
15.5,2.5,453
15.5,2.5,454
15.5,2.5,455
15.5,2.5,456
15.5,2.5,457
15.5,2.5,458
15.5,2.5,459
15.5,2.5,460
15.5,2.5,461
15.5,2.5,462
15.5,2.5,463
15.5,2.5,464
15.5,2.5,465
15.5,2.5,466
15.5,2.5,467
15,2.5,468
15.5,2.5,469
15.5,2.5,470
15.5,2.5,471
15,2.5,472
15.5,2.5,473
15.5,2.5,474
15.5,2.5,475
15.5,2.5,476
14,2.5,477
14,2.5,478
14,2.5,479
14,2.5,480
14,2.5,481
13.5,2.5,482
14,2.5,483
14,2.5,484
14,2.5,485
14,2.5,486
14,2.5,487
14,2.5,488
14,2.5,489
14,2.5,490
14,2.5,491
14,2.5,492
14,2.5,493
14,2.5,494
14,2.5,495
14,2.5,496
14,2.5,497
14,2.5,498
14,2.5,499
14,2.5,500
14,2.5,501
14.5,2.89473684210526,502
16,2.5,503
14,2.5,504
7.76315789473684,3.84210526315789,505
6.67857142857143,2.89285714285714,506
6.5,3,507
8.18181818181818,3.86363636363636,508
6.64705882352941,3.38235294117647,509
13.1219512195122,2.80487804878049,510
18,2.5,511
17.5,2.5,512
17.5,2.5,513
17.5,2.5,514
18,2.5,515
18,2.5,516
18,2.5,517
18,2.5,518
18,2.5,519
18,2.5,520
18,2.5,521
18,2.5,522
18,2.5,523
18.5,2.5,524
18,2.5,525
18.5,2.5,526
18.5,2.5,527
18,2.5,528
18,2.5,529
18,2.5,530
18.5,2.5,531
18,2.5,532
16.5,2.5,533
14.5,2.5,534
17.5,2.5,535
16,2.5,536
15,2.5,537
16.5,2.5,538
16,2.5,539
16,2.5,540
16,2.5,541
16,2.5,542
16,2.5,543
16,2.5,544
16,2.5,545
16,2.5,546
16,2.5,547
16,2.5,548
16,2.5,549
16,2.5,550
16,2.5,551
16,2.5,552
16,2.5,553
16,2.5,554
16,2.5,555
16,2.5,556
16,2.5,557
16,2.5,558
16,2.5,559
16,2.5,560
17,2.5,561
19,2.5,562
5.55555555555556,11.5555555555556,563
7.03703703703704,7.07407407407407,564
18.5897435897436,2.94871794871795,565
16.7560975609756,2.80487804878049,566
14,2.5,567
13.9117647058824,2.94117647058824,568
11.8780487804878,2.80487804878049,569
11.5,2.5,570
11.5,2.5,571
11.5,2.5,572
11.5,2.5,573
11.5,2.5,574
11.5,2.5,575
11.5,2.5,576
12,2.5,577
12,2.5,578
16.5,2.5,579
16.5,2.5,580
16.5,2.5,581
16.5,2.5,582
16.5,2.5,583
16.5,2.5,584
16.5,2.5,585
16.5,2.5,586
16.5,2.5,587
16.5,2.5,588
16.5,2.5,589
16.5,2.5,590
16.5,2.5,591
16.5,2.5,592
16.5,2.5,593
16.5,2.5,594
16.5,2.5,595
16.5,2.5,596
16.5,2.5,597
16.5,2.5,598
16.5,2.5,599
16.5,2.5,600
16.5,2.5,601
16.5,2.5,602
16.5,2.5,603
16.5,2.5,604
16.5,2.5,605
12.5,2.5,606
16.5,2.5,607
13.6578947368421,2.89473684210526,608
14,2.5,609
13.5,2.5,610
12.5,2.5,611
19,2.5,612
19.2745098039216,2.84313725490196,613
20.1515151515152,2.87878787878788,614
16.6315789473684,5.68421052631579,615
19.6578947368421,2.89473684210526,616
13.2972972972973,2.83783783783784,617
7.05882352941176,2.73529411764706,618
22.5,3,619
8.5,2.5,620
8.83720930232558,2.90697674418605,621
11.5,2.89473684210526,622
14.8484848484848,2.87878787878788,623
14,2.5,624
16,2.5,625
15,2.5,626
14,2.5,627
13.1219512195122,2.80487804878049,628
17.7241379310345,12.2586206896552,629
15.0862068965517,4.43103448275862,630
17.4576271186441,4.96610169491525,631
21.4285714285714,3.42857142857143,632
17.8484848484848,2.87878787878788,633
19.2142857142857,2.85714285714286,634
18.5,2.5,635
19.5,2.5,636
19.5,2.5,637
19.5,2.5,638
19.5,2.5,639
19.5,2.5,640
19.5,2.5,641
16.5,2.5,642
18,2.5,643
18.5,2.5,644
18,2.5,645
18.5,2.5,646
18,2.5,647
18.5,2.5,648
18,2.5,649
18.5,2.5,650
18,2.5,651
18.5,2.5,652
18,2.5,653
18,2.5,654
18,2.5,655
19,2.5,656
18,2.5,657
17.5,2.5,658
19.5,2.5,659
14.5,2.5,660
17,5,661
6.94117647058824,23.3529411764706,662
17.5,3,663
16.4166666666667,3.91666666666667,664
10.3148148148148,4.33333333333333,665
12.6363636363636,4.63636363636364,666
9.11111111111111,2.44444444444444,667
11,2.5,668
12.5,2.5,669
12.5,2.5,670
13,2.5,671
12.5,2.5,672
12.5,2.5,673
12.5,2.5,674
13,2.5,675
12.5,2.5,676
12,2.5,677
12.5,2.5,678
12.5,2.5,679
13,2.5,680
12.5,2.5,681
13,2.5,682
12.5,2.5,683
13,2.5,684
12.5,2.5,685
12.5,2.5,686
12.5,2.5,687
13,2.5,688
13.5,2.5,689
13.5,2.5,690
13.5,2.5,691
13.5,2.5,692
13.5,2.5,693
13.5,2.5,694
13.5,2.5,695
13.5,2.5,696
13.5,2.5,697
13.5,2.5,698
14.5,2.5,699
14.5,2.5,700
15,2.5,701
14.5,2.5,702
14.5,2.5,703
14.5,2.5,704
13.5,2.5,705
16,2.5,706
15,2.5,707
17,2.5,708
17.5,2.5,709
17.5,2.5,710
17.5,2.5,711
17.5,2.5,712
17.5,2.5,713
17.5,2.5,714
15.5,2.5,715
7.5,2,716
13,2.5,717
11.9285714285714,2.85714285714286,718
11.5,2.5,719
14.5,2.5,720
14.5,2.5,721
13.5,2.5,722
13.5,2.5,723
14.5,2.5,724
11.2391304347826,2.82608695652174,725
17.3076923076923,3.84615384615385,726
7.5,2,727
20,2.5,728
12.4137931034483,9.94827586206897,729
11,4,730
10.5652173913043,3.89130434782609,731
8.12962962962963,8.14814814814815,732
6.41379310344828,2.93103448275862,733
6.7,5.8,734
5,21,735
7,3,736
7,3,737
13.5675675675676,2.83783783783784,738
13.1219512195122,2.80487804878049,739
13.5,2.5,740
14,2.5,741
14,2.5,742
14,2.5,743
14,2.5,744
14,2.5,745
14,2.5,746
14,2.5,747
14,2.5,748
14,2.5,749
14,2.5,750
14,2.5,751
14,2.5,752
14,2.5,753
14,2.5,754
14,2.5,755
14,2.5,756
15.5,2.5,757
16,2.5,758
16,2.5,759
16,2.5,760
16,2.5,761
16,2.5,762
16,2.5,763
16,2.5,764
16,2.5,765
16,2.5,766
16,2.5,767
16,2.5,768
16,2.5,769
16,2.5,770
16,2.5,771
16,2.5,772
16,2.5,773
16,2.5,774
16,2.5,775
16,2.5,776
16,2.5,777
16,2.5,778
16,2.5,779
16,2.5,780
16,2.5,781
15.7857142857143,2.85714285714286,782
15.3421052631579,2.89473684210526,783
15.3421052631579,2.89473684210526,784
14.9285714285714,2.85714285714286,785
15.3421052631579,2.89473684210526,786
15,2.5,787
15.0714285714286,2.85714285714286,788
15,2.5,789
15,2.5,790
15,2.5,791
15,2.5,792
15,2.5,793
15,2.5,794
15,2.5,795
15,2.5,796
15,2.5,797
15,2.5,798
15,2.5,799
15,2.5,800
16.5,2.5,801
12.2972972972973,2.83783783783784,802
16,2.5,803
12.5,2.5,804
19.5,2.5,805
19.8461538461538,3.26923076923077,806
19.9090909090909,6.90909090909091,807
18.6470588235294,4.82352941176471,808
13.5,2.5,809
14,2.5,810
16.5,2.5,811
16.5,2.5,812
16.5,2.5,813
16.5,2.5,814
16.5,2.5,815
17,2.5,816
16.5,2.5,817
16.5,2.5,818
16.5,2.5,819
16.5,2.5,820
17.5,2.5,821
17.5,2.5,822
17.5,2.5,823
17.5,2.5,824
15,2.5,825
14.4102564102564,2.94871794871795,826
13,2.5,827
16,2.5,828
17.5,2.5,829
19.5,2.5,830
15.5,6,831
13.6153846153846,2.46153846153846,832
13,2.5,833
16.4754098360656,9.04918032786885,834
21.5,3.5,835
22,4,836
17.4237288135593,3.45762711864407,837
18.9444444444444,3.96296296296296,838
19.3965517241379,3.93103448275862,839
18.5,2.5,840
14.5,2.5,841
14,2.5,842
14.5,2.5,843
14.5,2.5,844
14,2.5,845
14.5,2.5,846
14.5,2.5,847
14.5,2.5,848
14,2.5,849
16,2.5,850
16,2.5,851
16,2.5,852
16,2.5,853
16,2.5,854
16,2.5,855
15.5,2.5,856
16,2.5,857
16,2.5,858
16,2.5,859
15.5,2.5,860
16,2.5,861
17.5,2.5,862
16.5,2.5,863
16.5,2.5,864
16.5,2.5,865
16.5,2.5,866
16.5,2.5,867
16.5,2.5,868
16.5,2.5,869
16.5,2.5,870
16.5,2.5,871
16.5,2.5,872
16.5,2.5,873
16.5,2.5,874
16.5,2.5,875
15.5,2.5,876
16,2.5,877
14.5,2.5,878
20.9787234042553,3.61702127659574,879
14.4666666666667,6.01666666666667,880
15.6578947368421,2.89473684210526,881
13.8372093023256,2.90697674418605,882
15,2.5,883
14,2.5,884
14.5,2.5,885
14.5,2.5,886
14,2.5,887
14,2.5,888
14,2.5,889
14.5,2.5,890
18,2.5,891
18.5,2.5,892
14.5423728813559,5.42372881355932,893
17.0338983050847,21.4915254237288,894
19.5178571428571,4.48214285714286,895
18.6785714285714,16.7142857142857,896
20.5294117647059,5.94117647058824,897
10.7857142857143,2.85714285714286,898
20,7,899
17.9117647058824,2.94117647058824,900
9.60869565217391,2.43478260869565,901
10,2,902
10,2,903
9.5,2,904
9.5,2,905
9.5,2,906
10,2,907
10,2,908
10,2,909
10,2,910
10,2,911
10.6086956521739,2.43478260869565,912
17.5,2.5,913
18,2.5,914
17.5,2.5,915
18,2.5,916
17.5,2.5,917
18,2.5,918
17.5,2.5,919
17.5,2.5,920
18,2.5,921
18,2.5,922
16.5,2.5,923
13.5,2.5,924
11.5,2.5,925
16,2.5,926
8.85714285714286,2.28571428571429,927
14,2.5,928
9.5,2.5,929
17,12,930
14.4761904761905,5.95238095238095,931
18.3636363636364,22.3636363636364,932
9.5,2.5,933
9.5,2.5,934
9.11111111111111,2.44444444444444,935
9.11111111111111,2.44444444444444,936
9.11111111111111,2.44444444444444,937
9.11111111111111,2.44444444444444,938
10.1111111111111,2.44444444444444,939
13.3421052631579,2.89473684210526,940
13.5,2.5,941
13.5,2.5,942
14,2.5,943
13.5,2.5,944
13.5,2.5,945
13.5,2.5,946
14,2.5,947
13.5,2.5,948
13.5,2.5,949
13.5,2.5,950
13.5,2.5,951
10.2727272727273,2.36363636363636,952
20.4,9.1,953
13.5,2.5,954
8.63636363636364,19.6363636363636,955
5.57446808510638,26.5531914893617,956
7.5,26.5,957
5.55555555555556,4.55555555555556,958
5.9,4.4,959
5.5,4,960
5.875,3.375,961
