x,y,t
13,2.5,1
18.875,4.05357142857143,2
8.66666666666667,5.16666666666667,3
17.4385964912281,3.36842105263158,4
9.12244897959184,3.6530612244898,5
12.4576271186441,11.5762711864407,6
13.1186440677966,15.6271186440678,7
7.93877551020408,4.46938775510204,8
13.9016393442623,6.63934426229508,9
14.9090909090909,4.09090909090909,10
6.66666666666667,4.33333333333333,11
8.5,3,12
19.3,4.2,13
16.4705882352941,4.05882352941176,14
8,3,15
17.5510204081633,19.0408163265306,16
19.4285714285714,26.4285714285714,17
16.9107142857143,28.4464285714286,18
9.33333333333333,23.8333333333333,19
13.0833333333333,25.4166666666667,20
13.5,21.5,21
13.1698113207547,21.188679245283,22
13.2222222222222,21.2222222222222,23
13.1296296296296,21.1481481481481,24
13.1698113207547,21.188679245283,25
13.8301886792453,20.811320754717,26
13.6470588235294,21.1764705882353,27
13.3888888888889,21.4259259259259,28
12.7,20.2,29
10.9642857142857,19.9285714285714,30
5.42553191489362,17.5531914893617,31
8.96610169491525,15.4576271186441,32
8.95918367346939,15.4489795918367,33
8.96610169491525,15.4576271186441,34
7.14285714285714,12.3469387755102,35
15.375,4,36
13.3584905660377,4.37735849056604,37
14.5,5,38
14.5,4.5,39
17.0188679245283,6.0377358490566,40
18.4444444444444,6.55555555555556,41
18.3469387755102,6.14285714285714,42
18.3469387755102,6.14285714285714,43
17.8409090909091,6.15909090909091,44
17.9591836734694,6.55102040816327,45
9.5,2.5,46
9,3,47
9.5,3,48
9.5,3,49
9.5,3,50
9.5,3,51
9.5,3,52
8.90909090909091,2.95454545454545,53
8.90909090909091,2.95454545454545,54
9,3,55
8.88888888888889,3.88888888888889,56
8.88888888888889,3.88888888888889,57
9.22448979591837,3.77551020408163,58
8.88888888888889,3.88888888888889,59
9.22448979591837,3.77551020408163,60
8.88888888888889,3.88888888888889,61
9.22448979591837,3.77551020408163,62
9.3,3.8,63
9.22448979591837,3.77551020408163,64
9.3,3.8,65
9.3,3.8,66
9.3,3.8,67
9.3,3.8,68
9.3,3.8,69
9.22448979591837,3.77551020408163,70
9.3,3.8,71
9.3,3.8,72
13.962962962963,7.05555555555556,73
8.5,4.5,74
10.1296296296296,15.8518518518519,75
11.3,14.2,76
11.3863636363636,14.4090909090909,77
11.3863636363636,14.4090909090909,78
11.4418604651163,14.4651162790698,79
11.4418604651163,14.4651162790698,80
11.4418604651163,14.4651162790698,81
11.4418604651163,14.4651162790698,82
11.4418604651163,14.4651162790698,83
11.4418604651163,14.4651162790698,84
11.5,14.5,85
11.4418604651163,14.4651162790698,86
11.5,14.5,87
11.5,14.5,88
11.5,14.5,89
11.3863636363636,14.4090909090909,90
11.5,14.5,91
11.4418604651163,14.4651162790698,92
11.4418604651163,14.4651162790698,93
11.4418604651163,14.4651162790698,94
11.5,14.5,95
11.4418604651163,14.4651162790698,96
11.4418604651163,14.4651162790698,97
11.4418604651163,14.4651162790698,98
11.5,14.5,99
11.5,14,100
11.5,14.5,101
11.4418604651163,14.4651162790698,102
11.5,14.5,103
11.5,14.5,104
11.4418604651163,14.4651162790698,105
11.4418604651163,14.4651162790698,106
11.5,14.5,107
11.5,14.5,108
11.5,14.5,109
21,10.375,110
21.5,9,111
21.5,9,112
21.5,9,113
21.5,9,114
21.5,9,115
21.5,9,116
21.5,9,117
21.5,9,118
21.5,9,119
21.5,9,120
21.5,9,121
21.5,9,122
21.5,9,123
21.5,9,124
21.5,9,125
21.5,9,126
21.5,9,127
21.5,9,128
21.5,9,129
21.5,9,130
21.5,9,131
21.5,9,132
21.5,9,133
21.5,9,134
21.5,9,135
21.5,9,136
21.5,9,137
21.5,9,138
21.5,9,139
21.5,9,140
21.5,9,141
21.5,9,142
21.5,9,143
21.5,9,144
21.5,9,145
21.4489795918367,8.95918367346939,146
22,8.41666666666667,147
21,15,148
20.5510204081633,15.0408163265306,149
20.5510204081633,15.0408163265306,150
20.5510204081633,15.0408163265306,151
20.4509803921569,14.9411764705882,152
20.5,15,153
20.4509803921569,14.9411764705882,154
20.4509803921569,14.9411764705882,155
20.4509803921569,14.9411764705882,156
19.3469387755102,15.8775510204082,157
21,15,158
19.4,14.1,159
19.8409090909091,14.1590909090909,160
19.8409090909091,14.1590909090909,161
9.5,2.5,162
10.5,4,163
9.5609756097561,3.92682926829268,164
15.0731707317073,3.4390243902439,165
7.66666666666667,2.91666666666667,166
19.9777777777778,3.97777777777778,167
19.0731707317073,3.5609756097561,168
10.1346153846154,14.1153846153846,169
19,20.5,170
19.5,28.5,171
20.1875,20.3125,172
21,17,173
20,17,174
20,18,175
20,19,176
20,18,177
20,19,178
20,19,179
20,19,180
20,20,181
20,20,182
20,19,183
21,16.5,184
13.8,4.7,185
10.6,5.9,186
11.3529411764706,8.17647058823529,187
11.3,8.2,188
11.4489795918367,8.04081632653061,189
11.4489795918367,8.04081632653061,190
11.5,8,191
11.5,8,192
11.5,8,193
11.5,8,194
11.5,8,195
11.5,8,196
11.5,8,197
11.5,8,198
11.5,8,199
11.5,8,200
11.6,7.9,201
11.5,8,202
11.6,7.9,203
11.6,7.9,204
11.6,7.9,205
11.6,7.9,206
11.6,7.9,207
11.6,7.9,208
11.6,7.9,209
11.6,7.9,210
11.6,7.9,211
11.6,7.9,212
11.6,7.9,213
11.6,7.9,214
11.6,7.9,215
11.6,7.9,216
11.6,7.9,217
11.6,7.9,218
11.6,7.9,219
11.6,7.9,220
11.6,7.9,221
11.6,7.9,222
11.6,7.9,223
11.6,7.9,224
11.6,7.9,225
11.6,7.9,226
11.6,7.9,227
11.6,7.9,228
11.6,7.9,229
11.6,7.9,230
11.6,7.9,231
11.6,7.9,232
11.6363636363636,8.36363636363636,233
11.6,7.9,234
11.6,7.9,235
11.6,7.9,236
11.6,7.9,237
11.6,7.9,238
11.6,7.9,239
11.6,7.9,240
11.6363636363636,8.36363636363636,241
11.6,7.9,242
11.6363636363636,8.36363636363636,243
11.6,7.9,244
12.0714285714286,7.96428571428571,245
7.66666666666667,12.6851851851852,246
18.6086956521739,4.3695652173913,247
18.5,3,248
17.5744680851064,3.4468085106383,249
18.0588235294118,3.54901960784314,250
19.9,3.6,251
19.5217391304348,4.95652173913043,252
13.5,3,253
14.1,7.6,254
10.7,12.8,255
19.5641025641026,23.9487179487179,256
15.1764705882353,20.3529411764706,257
11.9444444444444,15.037037037037,258
9.5,4,259
15.3928571428571,3.58928571428571,260
16.2857142857143,3.67857142857143,261
15.8235294117647,3.64705882352941,262
16.0178571428571,3.94642857142857,263
15.8235294117647,3.64705882352941,264
14.0754716981132,3.45283018867925,265
17.5,5,266
17.4528301886792,12.4716981132075,267
18.0392156862745,4.43137254901961,268
18.375,4,269
16.8813559322034,4.3728813559322,270
7.09090909090909,2.95454545454545,271
7.3469387755102,3.85714285714286,272
16.5,4,273
16.3,12.8,274
21,18.5,275
17.9272727272727,13.1272727272727,276
20.625,7.125,277
21,7.5,278
17.1111111111111,11.8333333333333,279
13,8.5,280
13.5,4,281
8.1,3.3,282
8.4,3.9,283
16.0434782608696,3.93478260869565,284
20.7241379310345,4.74137931034483,285
11.5,4,286
11.0652173913043,4.06521739130435,287
20.0555555555556,9.01851851851852,288
19.6666666666667,25.3333333333333,289
18.4230769230769,28.4038461538462,290
5.6304347826087,27.6086956521739,291
8.92452830188679,23.4528301886792,292
12.3666666666667,27.0666666666667,293
6.87755102040816,29.6530612244898,294
11.625,29,295
12.4285714285714,29.4285714285714,296
12.0652173913043,29.0434782608696,297
5.05555555555556,18.0185185185185,298
9.578125,5.4375,299
9.90909090909091,6.90909090909091,300
9.63934426229508,4.9016393442623,301
10.5,6.5,302
10.5892857142857,6.60714285714286,303
10.5892857142857,6.60714285714286,304
10.9166666666667,6.5,305
10.8688524590164,6.47540983606557,306
10.8688524590164,6.47540983606557,307
10.8688524590164,6.47540983606557,308
10.8688524590164,6.47540983606557,309
10.8688524590164,6.47540983606557,310
11.0357142857143,6.07142857142857,311
11,6,312
11,6,313
11,6,314
11,6,315
11,6,316
11,6,317
11,6,318
11,6,319
11,6,320
10.0754716981132,6.54716981132075,321
9.3695652173913,5.39130434782609,322
8.22222222222222,5.22222222222222,323
8.18181818181818,5.18181818181818,324
8.22222222222222,5.22222222222222,325
8.18181818181818,5.18181818181818,326
8.22222222222222,5.22222222222222,327
8.18181818181818,5.18181818181818,328
8.22222222222222,5.22222222222222,329
8.18181818181818,5.18181818181818,330
8.22222222222222,5.22222222222222,331
8.18181818181818,5.18181818181818,332
8.22222222222222,5.22222222222222,333
8.18181818181818,5.18181818181818,334
8.22222222222222,5.22222222222222,335
8.18181818181818,5.18181818181818,336
8.22222222222222,5.22222222222222,337
8.18181818181818,5.18181818181818,338
8.22222222222222,5.22222222222222,339
8.18181818181818,5.18181818181818,340
8.22222222222222,5.22222222222222,341
8.18181818181818,5.18181818181818,342
8.18181818181818,5.18181818181818,343
8.18181818181818,5.18181818181818,344
8.18181818181818,5.18181818181818,345
8.18181818181818,5.18181818181818,346
8.18181818181818,5.18181818181818,347
8.18181818181818,5.18181818181818,348
8.22222222222222,5.22222222222222,349
9.52459016393443,6.85245901639344,350
10.4363636363636,6.47272727272727,351
10.037037037037,6.05555555555556,352
8.17647058823529,3.35294117647059,353
8.56140350877193,3.54385964912281,354
8.2,3.7,355
7.5,3,356
10,2.5,357
8.5,15.5,358
9.4406779661017,20.0169491525424,359
21,16,360
20.1296296296296,14.9444444444444,361
18.9347826086957,3.95652173913043,362
18.8888888888889,3.88888888888889,363
18.5,4,364
8.93650793650794,3.38095238095238,365
9.53333333333333,4.01666666666667,366
8.5,3.5,367
8,3.77777777777778,368
10.0731707317073,3.5609756097561,369
12.8,9.7,370
6.43589743589744,3.94871794871795,371
13.5686274509804,3.96078431372549,372
13.6666666666667,4.33333333333333,373
18.1296296296296,7.14814814814815,374
16,4.5,375
16.5,3.5,376
12.4516129032258,4.01612903225806,377
11.125,4.05357142857143,378
9.83636363636364,3.8,379
8.41379310344828,19.5,380
6.11111111111111,18.8888888888889,381
8.6304347826087,3.39130434782609,382
8.06521739130435,3.95652173913043,383
8,4,384
7.93478260869565,4.04347826086957,385
7.93478260869565,3.93478260869565,386
7.5609756097561,3.92682926829268,387
7.5,4,388
7.5,4,389
7.5,4,390
7.5,4,391
19.0754716981132,3.45283018867925,392
17.9166666666667,4.5,393
18,3.5,394
17.5,4,395
17,3.625,396
18,3.625,397
12.0754716981132,3.45283018867925,398
16.1764705882353,10.6470588235294,399
16,4,400
18.9347826086957,4.04347826086957,401
20.5,3.5,402
18.5555555555556,3.55555555555556,403
11,3,404
12.7,13.2,405
13.037037037037,22.0555555555556,406
17.8301886792453,24.188679245283,407
20,23.5,408
14.2452830188679,21.2641509433962,409
13.5454545454545,20.4545454545455,410
6.82352941176471,10.6470588235294,411
6.9,10.7,412
7,10.5,413
7,10.5,414
7,10.5,415
7,10.5,416
7,10.5,417
7,10.5,418
7,10.5,419
7,10.5,420
7,10.5,421
7,10.5,422
7,10.5,423
7,10.5,424
7,10.5,425
7,10.5,426
7.05882352941176,10.5490196078431,427
7,10.5,428
7,10.5,429
6.94117647058824,10.4509803921569,430
7,10.5,431
7.3695652173913,10.3913043478261,432
7.42553191489362,10.4468085106383,433
7,10.5,434
7.42553191489362,10.4468085106383,435
6.94117647058824,10.4509803921569,436
7.42553191489362,10.4468085106383,437
6.94117647058824,10.4509803921569,438
7.05882352941176,10.5490196078431,439
6.94117647058824,10.4509803921569,440
7.05882352941176,10.5490196078431,441
6.94117647058824,10.4509803921569,442
7,10.5,443
6.94117647058824,10.4509803921569,444
7,10.5,445
6.94117647058824,10.4509803921569,446
7,10.5,447
6.94117647058824,10.4509803921569,448
7.3695652173913,10.3913043478261,449
6.94117647058824,10.4509803921569,450
7.5,10.5,451
6.94117647058824,10.4509803921569,452
7,10.5,453
6.94117647058824,10.4509803921569,454
7,10.5,455
6.94117647058824,10.4509803921569,456
6.5,10,457
6.7,6.2,458
6.7,6.2,459
6.7,6.2,460
6.7,6.2,461
6.45283018867925,5.92452830188679,462
6.31481481481481,5.2962962962963,463
7.3,5.8,464
16.3469387755102,4.14285714285714,465
16.4545454545455,4.54545454545455,466
16.4821428571429,4.48214285714286,467
18.6666666666667,4.33333333333333,468
13.5,20,469
18.5,25,470
19.6666666666667,28.6666666666667,471
6.92857142857143,29.0357142857143,472
10.0909090909091,26.0909090909091,473
14.3913043478261,15.3695652173913,474
14.3913043478261,15.3695652173913,475
17.6666666666667,7.66666666666667,476
13.4444444444444,4.55555555555556,477
14,4.5,478
14.9491525423729,5.52542372881356,479
14.9491525423729,5.52542372881356,480
14.9491525423729,5.52542372881356,481
15,5.5,482
14.9491525423729,5.52542372881356,483
15,5.5,484
14.9833333333333,5.46666666666667,485
15.0338983050847,5.44067796610169,486
15.0338983050847,5.44067796610169,487
15.0338983050847,5.44067796610169,488
15.0338983050847,5.44067796610169,489
15.0338983050847,5.44067796610169,490
14.9833333333333,5.46666666666667,491
14.9491525423729,5.52542372881356,492
14.9491525423729,5.52542372881356,493
14.9491525423729,5.52542372881356,494
14.9491525423729,5.52542372881356,495
14.9491525423729,5.52542372881356,496
14.9833333333333,5.46666666666667,497
14.9491525423729,5.52542372881356,498
14.9491525423729,5.52542372881356,499
14.9491525423729,5.52542372881356,500
14.9491525423729,5.52542372881356,501
14.9491525423729,5.52542372881356,502
14.9491525423729,5.52542372881356,503
14.9491525423729,5.52542372881356,504
14.9491525423729,5.52542372881356,505
14.9491525423729,5.52542372881356,506
14.9491525423729,5.52542372881356,507
14.9491525423729,5.52542372881356,508
14.9491525423729,5.52542372881356,509
14.9491525423729,5.52542372881356,510
14.9491525423729,5.52542372881356,511
14.9464285714286,6.01785714285714,512
19.8,11.3,513
18.1111111111111,3.88888888888889,514
14.280701754386,16.7543859649123,515
5.5,4.5,516
6.06521739130435,5.04347826086957,517
5.95454545454545,4.93181818181818,518
12.6530612244898,20.1224489795918,519
18.5471698113208,27.5283018867925,520
18.0731707317073,29.5609756097561,521
10.6851851851852,9.66666666666667,522
10.6851851851852,9.66666666666667,523
11.9591836734694,3.44897959183673,524
13.8125,4.3125,525
13.3584905660377,4.37735849056604,526
13.3888888888889,4.44444444444444,527
13.3584905660377,4.37735849056604,528
13.3888888888889,4.44444444444444,529
13.3888888888889,4.44444444444444,530
13.3888888888889,4.44444444444444,531
13.3584905660377,4.37735849056604,532
13.3584905660377,4.37735849056604,533
13.3584905660377,4.37735849056604,534
13.4074074074074,4.40740740740741,535
13.4074074074074,4.40740740740741,536
13.4074074074074,4.40740740740741,537
13.3584905660377,4.37735849056604,538
13.4074074074074,4.40740740740741,539
13.3584905660377,4.37735849056604,540
13.4074074074074,4.40740740740741,541
13.3584905660377,4.37735849056604,542
13.4074074074074,4.40740740740741,543
13.3584905660377,4.37735849056604,544
13.4074074074074,4.40740740740741,545
13.3584905660377,4.37735849056604,546
13.3584905660377,4.37735849056604,547
13.3584905660377,4.37735849056604,548
13.3584905660377,4.37735849056604,549
13.3584905660377,4.37735849056604,550
13.4074074074074,4.40740740740741,551
12.9827586206897,4.51724137931035,552
13.0338983050847,4.54237288135593,553
12.9827586206897,4.51724137931035,554
12.9827586206897,4.51724137931035,555
11.1698113207547,9.18867924528302,556
5.94871794871795,11.5641025641026,557
6.02222222222222,12.0222222222222,558
8.1,8.6,559
8,8.5,560
8,8.6,561
11.5254237288136,7.94915254237288,562
10.6271186440678,10.1186440677966,563
15.2115384615385,17.7884615384615,564
6.33333333333333,4.33333333333333,565
10.5897435897436,2.94871794871795,566
12.5,3.5,567
13.0555555555556,4.03703703703704,568
13.5714285714286,3.42857142857143,569
8.28571428571429,3.32142857142857,570
9.86538461538461,3.40384615384615,571
14.4,4.1,572
13.6851851851852,14.3333333333333,573
14.0681818181818,13.9545454545455,574
15.625,15,575
5,17.5,576
6.42592592592593,16.3888888888889,577
5.40384615384615,9,578
6.125,9.625,579
6.06521739130435,9.04347826086956,580
5.61363636363636,9.59090909090909,581
6,9,582
6,9.5,583
6,9.5,584
6,9.5,585
6,9.5,586
6,9.5,587
6,9.5,588
6,9.5,589
6,9.5,590
6,9.5,591
6,9.5,592
6,9.5,593
6,9.5,594
6,9.5,595
6,9.5,596
6,9.5,597
6,9.5,598
6,9.5,599
5,9,600
5.45283018867925,9.92452830188679,601
6.3695652173913,8.39130434782609,602
14.9347826086957,4.04347826086957,603
15,4,604
13.5666666666667,6.9,605
10.5,3,606
6,9.5,607
7.5,9.5,608
5.92682926829268,9.4390243902439,609
9.7,11.8,610
5.45283018867925,12.0754716981132,611
6.5,5,612
7,4.5,613
12.906976744186,4.11627906976744,614
12.906976744186,4.11627906976744,615
19.4,8.9,616
10.0535714285714,10.9821428571429,617
11,19,618
13.6304347826087,3.39130434782609,619
14.1346153846154,3.40384615384615,620
21,7.5,621
21.8913043478261,6.43478260869565,622
21.8913043478261,6.43478260869565,623
22.5,6,624
22.5,5.5,625
14.0754716981132,12.0943396226415,626
17.8125,9.3125,627
12.3,6.8,628
12.5,11,629
5.5,9.5,630
5.92682926829268,8.4390243902439,631
7.42553191489362,7.5531914893617,632
6.07317073170732,6.4390243902439,633
6.44897959183673,11.0408163265306,634
8.5,10.5,635
8.1,4.6,636
9.3469387755102,3.85714285714286,637
19.9245283018868,3.45283018867925,638
16,3.5,639
8,3.90909090909091,640
19.6666666666667,8.66666666666667,641
18.5609756097561,24.0731707317073,642
17.1764705882353,13.3529411764706,643
14.8653846153846,13.4038461538462,644
20.6470588235294,22.1764705882353,645
14.05,24.4666666666667,646
12.5,27,647
17,28.5,648
14.6363636363636,17.6363636363636,649
19.3148148148148,5.64814814814815,650
19.3636363636364,5.63636363636364,651
19.3114754098361,5.22950819672131,652
19.4,5.65454545454545,653
19.4561403508772,5.54385964912281,654
19.4561403508772,5.54385964912281,655
20,5.41666666666667,656
19.7272727272727,5.63636363636364,657
19.7272727272727,5.63636363636364,658
19.7272727272727,5.63636363636364,659
19.7272727272727,5.63636363636364,660
19.6470588235294,6.17647058823529,661
19.7,5.8,662
19.7,5.8,663
20,6,664
18.5,3.5,665
16.6071428571429,3.58928571428571,666
16.5,3.91666666666667,667
16.1764705882353,3.64705882352941,668
16.5,4,669
16.6304347826087,3.60869565217391,670
16.6304347826087,3.60869565217391,671
16.6304347826087,3.60869565217391,672
16.4705882352941,3.94117647058824,673
16.1764705882353,3.64705882352941,674
16.4705882352941,3.94117647058824,675
16.1764705882353,3.64705882352941,676
16.4705882352941,3.94117647058824,677
16.1764705882353,3.64705882352941,678
15.6363636363636,3.63636363636364,679
15.6363636363636,3.63636363636364,680
15.6363636363636,3.63636363636364,681
15.6071428571429,3.58928571428571,682
15.6363636363636,3.63636363636364,683
15.6363636363636,3.63636363636364,684
15.4166666666667,3.91666666666667,685
15.6363636363636,3.63636363636364,686
15.4166666666667,3.91666666666667,687
15.6363636363636,3.63636363636364,688
15.6363636363636,3.63636363636364,689
15.6363636363636,3.63636363636364,690
15.6363636363636,3.63636363636364,691
14.0731707317073,3.4390243902439,692
16.0754716981132,3.45283018867925,693
18.8235294117647,3.64705882352941,694
14.5,3,695
8.41666666666667,3.83333333333333,696
20.3636363636364,11.3636363636364,697
13.4444444444444,20.4444444444444,698
12.5,20,699
13,8,700
14.5961538461538,6,701
15.3,4.9,702
14.5471698113208,4.92452830188679,703
15,3,704
18.3,9.2,705
15.0909090909091,12.9090909090909,706
21,13.5,707
14.0178571428571,4.05357142857143,708
14.1818181818182,4.18181818181818,709
14.5,3.5,710
5.55102040816327,18.0408163265306,711
6,5,712
6.51785714285714,5.48214285714286,713
6.1,4.6,714
18.1111111111111,4.11111111111111,715
18.1276595744681,4.1063829787234,716
8.4,3.9,717
13.5,3,718
17.3214285714286,12.7142857142857,719
19.7272727272727,21.3636363636364,720
19.5,28,721
4.5,28.5,722
8,21.0909090909091,723
7.5,20.5,724
7.7,18.2,725
8.05555555555556,7.01851851851852,726
8.16666666666667,7.66666666666667,727
16.4363636363636,5.47272727272727,728
16.5272727272727,5.56363636363636,729
16.4363636363636,5.47272727272727,730
16.5471698113208,5.52830188679245,731
16.5471698113208,5.52830188679245,732
16.5471698113208,5.52830188679245,733
16.5471698113208,5.52830188679245,734
16.5471698113208,5.52830188679245,735
16.5471698113208,5.52830188679245,736
16.5471698113208,5.52830188679245,737
16.5471698113208,5.52830188679245,738
16.5471698113208,5.52830188679245,739
16.5471698113208,5.52830188679245,740
16.5471698113208,5.52830188679245,741
15.6379310344828,3.41379310344828,742
14,6.5,743
12.6271186440678,22.1186440677966,744
5.89583333333333,13.4166666666667,745
6.42553191489362,13.4468085106383,746
6.60714285714286,10.5714285714286,747
6.9,10.4,748
6.9,10.4,749
6.9,10.4,750
6.54545454545455,10.5454545454545,751
6.9,10.4,752
6.9,10.4,753
6.9,10.4,754
6.9,10.4,755
6.9,10.4,756
6.9,10.4,757
6.9,10.4,758
6.9,10.4,759
6.9,10.4,760
6.9,10.4,761
6.9,10.4,762
6.9,10.4,763
6.9,10.4,764
6.9,10.4,765
6.9,10.4,766
6.9,10.4,767
6.9,10.4,768
6.9,10.4,769
6.9,10.4,770
6.96428571428571,9.92857142857143,771
6.96428571428571,9.92857142857143,772
7,10,773
6.96428571428571,9.92857142857143,774
7,10,775
7,10,776
7,10,777
7,10,778
7,10,779
7,10,780
7,10,781
7,10,782
7,10,783
7,10,784
7,10,785
7,10,786
7,10,787
7,10,788
6.7,6.2,789
6,10.5,790
11.0454545454545,14.0681818181818,791
11.5,13,792
12.4,8.1,793
16.9423076923077,11.0192307692308,794
13.5,4.421875,795
8,3.5,796
8.07547169811321,3.45283018867925,797
20.4285714285714,13.5714285714286,798
19.7,24.9,799
14.4307692307692,28.4769230769231,800
12,28.5,801
5.8448275862069,26.6034482758621,802
6.51724137931035,14.051724137931,803
6.47169811320755,14.4339622641509,804
6,14.5,805
5.57142857142857,9.57142857142857,806
6,9.5,807
6,9.5,808
6.07317073170732,9.5609756097561,809
6,9.5,810
6.07317073170732,9.5609756097561,811
6,9.5,812
6.07317073170732,9.5609756097561,813
6.07317073170732,9.5609756097561,814
6.07317073170732,9.5609756097561,815
6.07317073170732,9.5609756097561,816
6.07317073170732,9.5609756097561,817
6.07317073170732,9.5609756097561,818
6.07317073170732,9.5609756097561,819
5.95652173913043,9.93478260869565,820
5.95652173913043,9.93478260869565,821
5.95652173913043,9.93478260869565,822
5.95652173913043,9.93478260869565,823
5.95652173913043,9.93478260869565,824
5.95652173913043,9.93478260869565,825
5.95652173913043,9.93478260869565,826
6,9,827
5.5,8.5,828
6.54545454545455,4.54545454545455,829
16.3695652173913,3.39130434782609,830
16.3695652173913,3.39130434782609,831
16.3695652173913,3.39130434782609,832
17.5,3,833
17.3333333333333,3.33333333333333,834
16.875,3.375,835
16.1276595744681,4.34042553191489,836
16.3695652173913,3.39130434782609,837
16.5,3.5,838
16.5,3.5,839
15.4285714285714,3.57142857142857,840
16.0204081632653,4.40816326530612,841
10.5,3,842
11.6,5.1,843
11.4255319148936,3.4468085106383,844
13.5555555555556,14.4444444444444,845
13.5581395348837,14.4651162790698,846
15.3,8.2,847
15.5531914893617,8.42553191489362,848
13.5,5,849
14.0434782608696,4.93478260869565,850
13.7966101694915,5.28813559322034,851
14.622641509434,18.6415094339623,852
11.7169811320755,19.7169811320755,853
12.0408163265306,19.5510204081633,854
13.4,13.1,855
13.4,13.1,856
15.4339622641509,8.47169811320755,857
15.1428571428571,8.6530612244898,858
14,7.5,859
14,7.5,860
14,7.5,861
14,7.5,862
14,7.5,863
14,7.5,864
14,7.5,865
14,7.5,866
14,7.5,867
14,7.5,868
14,7.5,869
14,7.5,870
14,7.5,871
14,7.5,872
14,7.5,873
14,7.5,874
14,7.5,875
14,7.5,876
14,7.5,877
14,7.5,878
14,7.5,879
14,7.5,880
14,7.5,881
14,7.5,882
14,7.5,883
13.9,7.4,884
14,7.5,885
13.9,7.4,886
13.9411764705882,7.45098039215686,887
13.8235294117647,7.35294117647059,888
13.9,7.4,889
13.8235294117647,7.35294117647059,890
13.9411764705882,7.45098039215686,891
13.8235294117647,7.35294117647059,892
13.9411764705882,7.45098039215686,893
13.7777777777778,7.77777777777778,894
21.3958333333333,12.9375,895
18.3636363636364,14.3636363636364,896
18.5,14,897
18.7272727272727,6.72727272727273,898
18.5531914893617,8.57446808510638,899
16.9245283018868,11.9056603773585,900
16.655737704918,10.1147540983607,901
21.5,10,902
21.4444444444444,9.55555555555556,903
12,3,904
12,3,905
14.0754716981132,3.45283018867925,906
12.6470588235294,4.05882352941176,907
12.5769230769231,4.11538461538461,908
9.04918032786885,3.29508196721311,909
5,12.5,910
14.4642857142857,16.9285714285714,911
11.8813559322034,13.6271186440678,912
15.6363636363636,9.63636363636364,913
12.6470588235294,4.05882352941176,914
11.811320754717,3.83018867924528,915
14,5.5,916
14.3636363636364,5.63636363636364,917
14.3636363636364,5.63636363636364,918
14.3636363636364,5.63636363636364,919
14.3636363636364,5.63636363636364,920
14.3636363636364,5.63636363636364,921
14.3636363636364,5.63636363636364,922
14.5,6,923
14.3636363636364,5.63636363636364,924
14,5.5,925
14,5.5,926
14.5,6,927
14.3636363636364,5.63636363636364,928
14.3636363636364,5.63636363636364,929
14.3636363636364,5.63636363636364,930
14.3636363636364,5.63636363636364,931
14.3636363636364,5.63636363636364,932
14.3636363636364,5.63636363636364,933
14.3636363636364,5.63636363636364,934
14.3636363636364,5.63636363636364,935
14.3636363636364,5.63636363636364,936
14.3636363636364,5.63636363636364,937
14.3636363636364,5.63636363636364,938
14.3636363636364,5.63636363636364,939
14.3636363636364,5.63636363636364,940
14.3636363636364,5.63636363636364,941
14.3636363636364,5.63636363636364,942
14.3636363636364,5.63636363636364,943
14.3636363636364,5.63636363636364,944
14.3636363636364,5.63636363636364,945
14.3636363636364,5.63636363636364,946
14.3636363636364,5.63636363636364,947
14.3636363636364,5.63636363636364,948
14.3636363636364,5.63636363636364,949
14.3636363636364,5.63636363636364,950
14.3636363636364,5.63636363636364,951
14.3636363636364,5.63636363636364,952
14.3636363636364,5.63636363636364,953
14.3636363636364,5.63636363636364,954
14.3636363636364,5.63636363636364,955
14.3636363636364,5.63636363636364,956
14.3636363636364,5.63636363636364,957
14.3636363636364,5.63636363636364,958
14.3636363636364,5.63636363636364,959
14.3636363636364,5.63636363636364,960
14.3636363636364,5.63636363636364,961
