x,y,t
10,23.5,1
13.5,28,2
12.875,27.375,3
13.4137931034483,29.0689655172414,4
15,29,5
11,28.5,6
11,29,7
10.9090909090909,29.0454545454545,8
11,29,9
11.3695652173913,28.6086956521739,10
18,28,11
17,28,12
18,28,13
16,28,14
19,28,15
NaN,NaN,16
20,29,17
NaN,NaN,18
20,29.5,19
NaN,NaN,20
20,29.5,21
NaN,NaN,22
20,28,23
NaN,NaN,24
NaN,NaN,25
20,28,26
19.5,28,27
18,29.5,28
19.5641025641026,27.0512820512821,29
21.5,28,30
21,28.5,31
21,28.5,32
20.5714285714286,28.5714285714286,33
20.6470588235294,28.6176470588235,34
20.5,29,35
20.5,29,36
20.5,29,37
19.5,29.5,38
20,29.5,39
19.5,29.5,40
19,29.5,41
18.1111111111111,29.5555555555556,42
19.5,29.5,43
16.2413793103448,29.6551724137931,44
20,29.5,45
20.3913043478261,29.5652173913043,46
18.5,28,47
19.5,28,48
18.9268292682927,27.5609756097561,49
19,27.5,50
18.5555555555556,27.4444444444444,51
16.4651162790698,28.4418604651163,52
16.3333333333333,28.3333333333333,53
16.4090909090909,28.3863636363636,54
16.5,28,55
16.5,25,56
18,23.5,57
19.5,25,58
20.5714285714286,25.5714285714286,59
20.5,26.5,60
21,27.5,61
20.5,27.5,62
20.5,28,63
19.5,29.5,64
20,29.5,65
19.5,29.5,66
19.5,29.5,67
19.5,29.5,68
15,29.5,69
12.9183673469388,28.530612244898,70
13,29.093023255814,71
12,29,72
8,29,73
8.41025641025641,29.0512820512821,74
8.25,28.7045454545455,75
6.40816326530612,29.0408163265306,76
5.42857142857143,25.5714285714286,77
5.42857142857143,26.4285714285714,78
5.1,25.6,79
6.5,26.5,80
10.7058823529412,22.7058823529412,81
7.40384615384615,16.1346153846154,82
6.66666666666667,14.3333333333333,83
13,13.5,84
15.0188679245283,9.9622641509434,85
15,9,86
13.3,5.2,87
15.1,3.4,88
14.9090909090909,4.09090909090909,89
15.1785714285714,4.35714285714286,90
18.5208333333333,4.02083333333333,91
19,6,92
19.5581395348837,5.53488372093023,93
16.6530612244898,7.85714285714286,94
16.5641025641026,9.94871794871795,95
8.56410256410256,13.0512820512821,96
5.57142857142857,21.4285714285714,97
5.375,21,98
5.90566037735849,23.0754716981132,99
9.77777777777778,20.7777777777778,100
11,19.5,101
11.962962962963,16.9444444444444,102
11.8703703703704,17.8518518518519,103
12.1818181818182,16.1818181818182,104
10.6363636363636,13.6363636363636,105
11,13.5,106
10.5,5,107
9.66666666666667,4.66666666666667,108
7.55555555555556,5.55555555555556,109
11.4716981132075,8.54716981132075,110
15.4827586206897,6.01724137931035,111
11.2083333333333,4.33333333333333,112
10.6595744680851,3.87234042553191,113
10.4791666666667,4.02083333333333,114
11.9090909090909,2.95454545454545,115
11,2.5,116
10.8780487804878,2.80487804878049,117
7.5,2.5,118
7.5,2.5,119
9,2.5,120
8,2.5,121
8,3,122
10.8,6.3,123
13.3,4.8,124
14.5,5.5,125
15.0862068965517,8.43103448275862,126
13.1086956521739,8.56521739130435,127
12.6,4.9,128
10.375,4.08333333333333,129
9.6875,4.8125,130
10.6041666666667,8.9375,131
7.11111111111111,12.1111111111111,132
5.5,19,133
6.75925925925926,12.7777777777778,134
7.12962962962963,13.1296296296296,135
7.09090909090909,13.0909090909091,136
7.94444444444444,12.962962962963,137
8.01851851851852,13.0555555555556,138
8.5,13,139
9.8,13.7,140
10.7142857142857,13.6785714285714,141
12.5,13.5,142
12.7142857142857,13.3214285714286,143
12.3636363636364,13.7272727272727,144
12.8,13.7,145
13.2727272727273,13.7272727272727,146
13.734693877551,13.2448979591837,147
14.5,14,148
14.6071428571429,13.6785714285714,149
14.7142857142857,13.6785714285714,150
15.5,14,151
15.9787234042553,13.4468085106383,152
16.2,13.7,153
16.7142857142857,13.6785714285714,154
16.5740740740741,13.5925925925926,155
16.6363636363636,13.6363636363636,156
17,14,157
18.2,15.3,158
18.5,15.5,159
19.5,16,160
19.6666666666667,16.3333333333333,161
19.6666666666667,16.3333333333333,162
20,16,163
20.125,16.375,164
20.125,16.375,165
20.5,16,166
21,16,167
21,16,168
21.125,15.625,169
21,15.625,170
21.4285714285714,15.5714285714286,171
21.5714285714286,16.4285714285714,172
21.5714285714286,16.4285714285714,173
21.5714285714286,16.4285714285714,174
22,16,175
22,16.5,176
22,17,177
22,16.5,178
22,17,179
22,17,180
22,17,181
22,17,182
22,17.5,183
22,17.5,184
22,17.5,185
22,18,186
22,18,187
22,18.5,188
21.5714285714286,18.5714285714286,189
22,18.5,190
21.5714285714286,18.5714285714286,191
21.5609756097561,19.0731707317073,192
21.5714285714286,19.5714285714286,193
21.5714285714286,19.5714285714286,194
21.5,20,195
21.5,20,196
21.5,20,197
21.4285714285714,20.4285714285714,198
21.5714285714286,20.5714285714286,199
21.5,21,200
21.5,21,201
21.5,21,202
22,21,203
22,21,204
21.5,21,205
22,21,206
22,21,207
21.375,21.875,208
22,21,209
21.5,21,210
22,21,211
21.5,22,212
21.5,22,213
21.5,22,214
21.5,22,215
21.5,22,216
21.5,22,217
21.5,22,218
21.5,22,219
21.5,22,220
21.5,22,221
21.5,22,222
21,23,223
21,23,224
20.5,23,225
21,23,226
21,23,227
21,23,228
21,23,229
21,23,230
21,23,231
21,23,232
21,23,233
21,23,234
21,23,235
21,23,236
21,23,237
21,23,238
21,23,239
21,23,240
20.5,23,241
20.5,23,242
20.5,23,243
21.0512820512821,22.5641025641026,244
20.5,23,245
21.0512820512821,22.5641025641026,246
20.5,23,247
21.0512820512821,22.5641025641026,248
21,23,249
20.5,23,250
21,23,251
21,23,252
20.5,23,253
20.5,23,254
20.5,23,255
21,23,256
20.5,23,257
21.5,22.5,258
21,23,259
20,22,260
NaN,NaN,261
21,23,262
NaN,NaN,263
NaN,NaN,264
NaN,NaN,265
20,22,266
20,21.5,267
20,21.5,268
20,21.5,269
19.875,21.375,270
20,21.5,271
20.1162790697674,21.093023255814,272
20,20.5,273
21,19.5,274
21,20,275
21,20.5,276
21,20.5,277
21,20,278
21,20.5,279
21,20.5,280
21,20.5,281
21,19.5,282
21,20.5,283
21,20.5,284
21,20.5,285
21,20.5,286
21,20.5,287
21,20.5,288
21,20.5,289
21,20,290
21,20.5,291
21,20.5,292
21,20.5,293
21,20.5,294
21,20.5,295
21,20.5,296
21,20.5,297
21,20.5,298
21,20.5,299
21,20.5,300
21,20.5,301
21,20.5,302
21,20.5,303
21,20.5,304
21,20.5,305
21,20.5,306
21,20.5,307
21,20.5,308
21,20.5,309
21,20.5,310
21,20.5,311
21,20.5,312
21,20.5,313
21,20.5,314
21,20.5,315
21,20.5,316
21,20.5,317
21,20.5,318
21,20.5,319
21,20.5,320
21,20.5,321
21,20.5,322
21,20.5,323
21,20.5,324
21,20,325
21,20.5,326
21,20.5,327
21,20.5,328
21,20.5,329
21,20.5,330
21,20.5,331
21,20.5,332
21,20.5,333
21,20.5,334
21,20.5,335
21,20.5,336
21,20.5,337
21,20.5,338
21,20.5,339
21,20.5,340
21,20,341
21,20.5,342
21,20.5,343
21,20.5,344
21,20.5,345
21,20.5,346
21,20.5,347
21,20.5,348
21,20.5,349
21,20.5,350
21,20.5,351
21,20,352
21,20.5,353
21,20.5,354
21,20.5,355
21,20.5,356
21,20.5,357
21,20.5,358
21,20.5,359
21,20.5,360
21,20.5,361
21,20.5,362
21,20.5,363
21,20.5,364
21,20.5,365
21,20.5,366
21,20.5,367
21,20.5,368
21,20,369
21,20.5,370
21,20.5,371
21,20.5,372
21,20.5,373
21,20.5,374
21,20.5,375
20.5,18.5,376
20.5531914893617,18.9787234042553,377
21,20,378
21,20.5,379
21,20.5,380
21,20.5,381
21,20.5,382
21,20.5,383
21,20.5,384
21,20.5,385
21,20.5,386
21,20.5,387
21,20.5,388
21,20.5,389
21,20.5,390
21,20.5,391
21,20.5,392
21,20.5,393
21,20.5,394
21,20.5,395
21,20.5,396
21,20.5,397
21,20.5,398
21,20.5,399
21,20.5,400
21,20.5,401
21,20.5,402
21,20.5,403
21,20.5,404
21,20.5,405
21,20.5,406
21,20.5,407
21,20.5,408
21,20.5,409
21,20.5,410
21,20.5,411
21,20.5,412
21,20.5,413
21,20.5,414
21,20.5,415
21,20.5,416
21,20.5,417
21,20.5,418
21,20.5,419
21,20.5,420
21,20.5,421
21,20.5,422
21,20.5,423
21,20.5,424
21,20,425
21,20.5,426
21,20.5,427
21,20,428
21,20.5,429
20.5,18.5,430
21,20.5,431
21,20.5,432
21,20.5,433
21,20.5,434
21,20.5,435
21,20.5,436
21,20.5,437
21,20.5,438
21,20.5,439
21,20.5,440
21,20.5,441
21,20.5,442
21,20.5,443
21,20.5,444
21,20.5,445
21,20.5,446
21,20.5,447
21,20.5,448
21,20.5,449
21,20.5,450
21,20.5,451
21,20.5,452
21,20.5,453
21,20.5,454
21,20.5,455
21,20.5,456
21,20.5,457
21,20.5,458
21,20.5,459
21,19.5,460
21,20.5,461
21,20.5,462
21,20.5,463
21,20.5,464
21,20.5,465
21,20.5,466
21,20.5,467
21,20.5,468
21,20.5,469
21,20.5,470
21,20.5,471
21,20.5,472
21,20.5,473
21,20.5,474
21,20.5,475
21,20.5,476
21,20.5,477
21,20.5,478
21,20.5,479
21,20.5,480
21,20.5,481
21,20.5,482
21,20.5,483
21,20,484
21,20,485
21,20,486
21,20.5,487
21,20,488
21,20.5,489
21,20.5,490
21,20.5,491
21,20.5,492
21,20,493
21,20,494
21,20.5,495
20.5531914893617,18.9787234042553,496
21,20.5,497
21,20.5,498
21,20.5,499
21,20.5,500
21,19.5,501
21,20.5,502
21,20.5,503
21,19.5,504
21,20.5,505
21,20,506
21,20.5,507
21,20.5,508
21,20,509
21,20.5,510
21,20,511
21,20.5,512
21,20.5,513
21,20,514
21,20.5,515
21,20.5,516
21,20.5,517
21,20.5,518
21,20.5,519
21,20.5,520
21,20.5,521
21,20.5,522
21,20.5,523
21,20.5,524
21,19.5,525
21,20.5,526
21,20.5,527
21,20.5,528
21,20.5,529
21,20.5,530
21,20,531
21,20.5,532
21,20.5,533
21,20.5,534
21,20.5,535
21,20,536
21,20.5,537
21,20.5,538
21,20.5,539
21,20.5,540
21,20.5,541
21,20.5,542
21,20.5,543
21,20.5,544
21,20.5,545
21,20.5,546
21,20.5,547
21,20.5,548
21,20.5,549
21,20.5,550
21,20.5,551
21,20.5,552
21,20.5,553
21,20.5,554
21,20,555
21,20,556
21,20.5,557
21,20,558
21,20.5,559
21,20.5,560
21,20.5,561
21,20.5,562
21,20.5,563
21,20,564
21,20.5,565
21,20.5,566
21,20,567
21,20,568
21,20,569
21,20.5,570
21,20,571
21,20,572
21,20.5,573
21,20,574
21,20,575
21,20.5,576
21,20.5,577
21,20,578
21,20.5,579
21,20.5,580
21,20,581
21,20.5,582
21,20,583
21,20.5,584
21,20.5,585
21,20.5,586
21,20.5,587
21,20.5,588
21,20,589
21,20,590
21,20.5,591
21,20.5,592
21,20.5,593
21,20,594
21,20.5,595
21,20.5,596
21,20.5,597
21,20.5,598
21,20.5,599
21,20.5,600
21,20.5,601
21,20.5,602
21,20,603
21,20.5,604
21,20.5,605
21,20,606
21,20.5,607
21,20.5,608
21,20.5,609
21,19.5,610
21,20.5,611
21,20.5,612
21,20.5,613
21,20.5,614
21,20.5,615
21,20.5,616
21,20.5,617
21,20.5,618
21,20.5,619
21,20.5,620
21,20.5,621
21,20.5,622
21,20.5,623
21,20.5,624
21,20.5,625
21,19.5,626
21,20.5,627
21,20,628
21,20.5,629
21,20.5,630
21,20.5,631
21,20.5,632
21,20.5,633
21,20.5,634
21,20,635
21,20.5,636
21,20.5,637
21,20.5,638
21,20,639
21,20.5,640
21,20.5,641
21,20.5,642
21,20.5,643
21,20,644
21,20.5,645
21,20.5,646
21,20,647
21,20,648
21,20,649
21,20.5,650
21,20.5,651
21,20.5,652
21,20.5,653
21,20,654
21,20.5,655
21,20.5,656
21,20,657
21,20.5,658
21,20,659
21,20.5,660
21,20,661
21,20.5,662
21,20,663
21,20,664
21,20,665
21,20,666
21,20,667
21,20.5,668
21,20,669
21,20.5,670
21,20.5,671
21,20,672
21,20.5,673
21,20.5,674
21,20.5,675
21,20.5,676
21,20.5,677
21,20,678
21,20,679
21,20.5,680
21,20,681
21,20,682
21,20.5,683
21,20,684
21,20.5,685
21,20,686
21,20.5,687
21,20.5,688
21,20.5,689
21,20.5,690
21,20.5,691
21,20,692
21,20,693
21,20.5,694
21,20,695
21,20,696
21,20.5,697
21,20.5,698
21,20,699
21,20.5,700
21,20.5,701
21,20,702
21,20,703
21,20.5,704
21,20,705
21,20.5,706
21,20.5,707
21,20,708
21,20.5,709
21,20.5,710
21,20.5,711
21,20.5,712
21,20.5,713
21,20.5,714
21,20,715
21,20,716
21,20.5,717
21,20,718
21,20.5,719
21,20.5,720
21,20,721
21,20,722
21,20.5,723
21,20,724
21,20,725
21,20,726
21,20.5,727
21,20.5,728
21,20,729
19.6595744680851,19.8723404255319,730
21,20.5,731
21,20.5,732
21,20.5,733
21,20.5,734
21,20.5,735
21,20.5,736
21,20.5,737
21.3333333333333,17.6666666666667,738
21.4285714285714,18.5714285714286,739
21.5,19,740
22,18,741
21.3469387755102,17.1224489795918,742
21.3863636363636,17.5909090909091,743
21,17,744
21.3863636363636,17.5909090909091,745
21.375,17.125,746
21,17,747
21.4444444444444,17.5555555555556,748
21,17,749
21.1,17.4,750
21.5,18.5,751
20.9545454545455,18.0681818181818,752
21.4285714285714,18.5714285714286,753
21.6086956521739,17.5,754
22,15,755
21.4358974358974,15.0512820512821,756
21.4489795918367,15.0408163265306,757
21.5,12,758
22,10.5,759
20.5,13.5,760
15.9245283018868,11.0943396226415,761
18.5,13,762
21.3,12.2,763
19.4137931034483,5.13793103448276,764
20.5609756097561,7.07317073170732,765
19.3728813559322,5.11864406779661,766
19.3448275862069,5.17241379310345,767
12.0754716981132,17.4528301886792,768
14.2727272727273,4.31818181818182,769
12.5909090909091,3.38636363636364,770
16,3,771
17,6,772
16.9545454545455,6.06818181818182,773
21.5,6,774
22.4358974358974,7.05128205128205,775
22.3863636363636,7.40909090909091,776
20.8823529411765,11.8039215686275,777
16.2727272727273,11.2727272727273,778
16.7586206896552,7.74137931034483,779
16.3636363636364,5.63636363636364,780
15.2941176470588,4.70588235294118,781
15.2941176470588,4.70588235294118,782
14.9166666666667,4.625,783
15.3461538461538,4.69230769230769,784
15.4074074074074,4.57407407407407,785
15.0425531914894,4.4468085106383,786
15.4074074074074,4.57407407407407,787
15.0408163265306,4.42857142857143,788
15.4074074074074,4.57407407407407,789
15.0833333333333,4.375,790
15.4074074074074,4.57407407407407,791
15.0408163265306,4.42857142857143,792
15.4528301886792,4.52830188679245,793
15.4528301886792,4.52830188679245,794
15.4528301886792,4.52830188679245,795
15.0408163265306,4.42857142857143,796
15.0408163265306,4.42857142857143,797
15.4074074074074,4.57407407407407,798
15.4074074074074,4.57407407407407,799
15.0833333333333,4.375,800
15.4074074074074,4.57407407407407,801
15.4074074074074,4.57407407407407,802
15.4074074074074,4.57407407407407,803
15.0833333333333,4.375,804
15.0408163265306,4.42857142857143,805
15.4074074074074,4.57407407407407,806
15.1,4.4,807
15.0408163265306,4.42857142857143,808
15.0833333333333,4.375,809
15.0408163265306,4.42857142857143,810
15.0408163265306,4.42857142857143,811
15.1875,4.3125,812
15.0408163265306,4.42857142857143,813
15.4074074074074,4.57407407407407,814
15.0408163265306,4.42857142857143,815
15.0408163265306,4.42857142857143,816
15.0408163265306,4.42857142857143,817
15.0408163265306,4.42857142857143,818
15.1041666666667,4.41666666666667,819
15.1632653061224,4.38775510204082,820
15.1041666666667,4.41666666666667,821
15.1041666666667,4.41666666666667,822
15.1632653061224,4.38775510204082,823
15.1041666666667,4.41666666666667,824
15.1041666666667,4.41666666666667,825
15.1041666666667,4.41666666666667,826
15.0408163265306,4.42857142857143,827
15.6153846153846,4.46153846153846,828
15.0408163265306,4.42857142857143,829
15.0833333333333,4.375,830
15.1489361702128,4.36170212765957,831
15.1041666666667,4.41666666666667,832
15.195652173913,4.32608695652174,833
15.1489361702128,4.36170212765957,834
15.1041666666667,4.41666666666667,835
15.2083333333333,4.33333333333333,836
15.0408163265306,4.42857142857143,837
15.1489361702128,4.36170212765957,838
15.1041666666667,4.41666666666667,839
15.1041666666667,4.41666666666667,840
15.1632653061224,4.38775510204082,841
15.5185185185185,4.53703703703704,842
15.1632653061224,4.38775510204082,843
15.1041666666667,4.41666666666667,844
15.1632653061224,4.38775510204082,845
15.1041666666667,4.41666666666667,846
15.0408163265306,4.42857142857143,847
15.1632653061224,4.38775510204082,848
15.0408163265306,4.42857142857143,849
15.1041666666667,4.41666666666667,850
15.1632653061224,4.38775510204082,851
15.2083333333333,4.33333333333333,852
15.1632653061224,4.38775510204082,853
15.1041666666667,4.41666666666667,854
15.0408163265306,4.42857142857143,855
15.1041666666667,4.41666666666667,856
15.1041666666667,4.41666666666667,857
15.1632653061224,4.38775510204082,858
15.1041666666667,4.41666666666667,859
15.1632653061224,4.38775510204082,860
15.0408163265306,4.42857142857143,861
15.2083333333333,4.33333333333333,862
15.0408163265306,4.42857142857143,863
15.0408163265306,4.42857142857143,864
15.1041666666667,4.41666666666667,865
15.1,4.4,866
15.1276595744681,4.34042553191489,867
15.0833333333333,4.375,868
15.0408163265306,4.42857142857143,869
15.1041666666667,4.41666666666667,870
15.1,4.4,871
15.1041666666667,4.41666666666667,872
15.0408163265306,4.42857142857143,873
15.1,4.4,874
15.2083333333333,4.33333333333333,875
15.0408163265306,4.42857142857143,876
15.0408163265306,4.42857142857143,877
15.0408163265306,4.42857142857143,878
15.1428571428571,4.3469387755102,879
15.1,4.4,880
15.0408163265306,4.42857142857143,881
15.0408163265306,4.42857142857143,882
15.1086956521739,4.43478260869565,883
14.0943396226415,3.92452830188679,884
13.2452830188679,3.73584905660377,885
14.8958333333333,4.41666666666667,886
15.4259259259259,4.40740740740741,887
15.8135593220339,4.28813559322034,888
15.8620689655172,4.32758620689655,889
15.8070175438596,4.29824561403509,890
15.8070175438596,4.29824561403509,891
16.1111111111111,4.01851851851852,892
15.9322033898305,4.35593220338983,893
15.9322033898305,4.35593220338983,894
16.0545454545455,3.98181818181818,895
15.9807692307692,3.94230769230769,896
15.9322033898305,4.35593220338983,897
15.9322033898305,4.35593220338983,898
15.9655172413793,4.39655172413793,899
15.9322033898305,4.35593220338983,900
15.9322033898305,4.35593220338983,901
15.9322033898305,4.35593220338983,902
15.9322033898305,4.35593220338983,903
15.9322033898305,4.35593220338983,904
15.9322033898305,4.35593220338983,905
15.9322033898305,4.35593220338983,906
16,4.5,907
15.9322033898305,4.35593220338983,908
15.9655172413793,4.39655172413793,909
15.9322033898305,4.35593220338983,910
15.7777777777778,4.27777777777778,911
15.9322033898305,4.35593220338983,912
15.8070175438596,4.29824561403509,913
15.8070175438596,4.29824561403509,914
15.8070175438596,4.29824561403509,915
15.8070175438596,4.29824561403509,916
15.9655172413793,4.39655172413793,917
15.8070175438596,4.29824561403509,918
15.7777777777778,4.27777777777778,919
15.7777777777778,4.27777777777778,920
15.7777777777778,4.27777777777778,921
15.8070175438596,4.29824561403509,922
15.8947368421053,4.36842105263158,923
15.8070175438596,4.29824561403509,924
15.7777777777778,4.27777777777778,925
15.8070175438596,4.29824561403509,926
15.8070175438596,4.29824561403509,927
15.7777777777778,4.27777777777778,928
15.8070175438596,4.29824561403509,929
15.8070175438596,4.29824561403509,930
15.7777777777778,4.27777777777778,931
15.7777777777778,4.27777777777778,932
15.7777777777778,4.27777777777778,933
15.8070175438596,4.29824561403509,934
15.7777777777778,4.27777777777778,935
15.8070175438596,4.29824561403509,936
16.4255319148936,4.5531914893617,937
13.0909090909091,2.95454545454545,938
11.8,4.7,939
19,2.5,940
14.5,2.5,941
14.5,2.5,942
14.5,2.5,943
13,2.5,944
12.5909090909091,3.38636363636364,945
13.9117647058824,2.94117647058824,946
NaN,NaN,947
NaN,NaN,948
NaN,NaN,949
12,2.5,950
NaN,NaN,951
17.6666666666667,2.91666666666667,952
19,3.5,953
9,2.5,954
16.5,2.5,955
15.5,2.5,956
16,2.5,957
15.5,2.5,958
16.5,2.5,959
16.5,2.5,960
16,2.5,961
