x,y,t
15,3,1
14.5,2.5,2
10.1515151515152,2.87878787878788,3
NaN,NaN,4
16,4,5
NaN,NaN,6
13,4,7
19,6,8
19,6,9
NaN,NaN,10
NaN,NaN,11
17.4137931034483,2.93103448275862,12
10,3.5,13
11,2.5,14
12,4,15
17,3.5,16
19.5,3,17
18,3,18
19.5,2.5,19
16.5,3,20
16,3,21
16.1515151515152,2.87878787878788,22
17.4137931034483,2.93103448275862,23
NaN,NaN,24
15.9487179487179,3.43589743589744,25
9.5,2.5,26
12.5,2.5,27
6.5,3.5,28
6.5,3,29
11.5862068965517,2.93103448275862,30
14.1515151515152,2.87878787878788,31
14.6578947368421,2.89473684210526,32
14.1515151515152,2.87878787878788,33
14.1515151515152,2.87878787878788,34
14.1515151515152,2.87878787878788,35
14.6578947368421,2.89473684210526,36
14.1515151515152,2.87878787878788,37
14.1515151515152,2.87878787878788,38
14.1515151515152,2.87878787878788,39
14.1515151515152,2.87878787878788,40
14.1515151515152,2.87878787878788,41
14.1515151515152,2.87878787878788,42
14.1515151515152,2.87878787878788,43
15,3,44
14.6578947368421,2.89473684210526,45
14.1515151515152,2.87878787878788,46
15,3,47
15,3,48
14,3,49
14,2.5,50
14,2.5,51
14,2.5,52
16,3.5,53
15.5,3,54
15.5,3,55
15,3,56
16,3,57
16,3,58
16,3,59
17.2413793103448,2.3448275862069,60
NaN,NaN,61
17.5,2.5,62
16.5,3.5,63
17,4,64
17,4,65
16.5714285714286,3.42857142857143,66
16.5,3.5,67
16.5,3.5,68
17,4,69
16.5,3.5,70
16.5,3.5,71
16.5,3.5,72
16.5,3.5,73
16.5,3.5,74
16.5,3.5,75
16.5,3.5,76
16.5,3.5,77
16.5,3.5,78
16.5,3.5,79
16.5,3.5,80
16.5,3.5,81
16.5,3.5,82
16.5714285714286,3.42857142857143,83
16.5,3.5,84
16.5,3.5,85
16.5,3.5,86
16.5,3.5,87
16.5,3.5,88
16.5,3.5,89
16.5,3.5,90
16.5,3.5,91
16.5,3.5,92
16,3,93
16.5,3.5,94
16.5,3.5,95
16,3,96
16,3,97
16.5,3.5,98
16.5,3.5,99
16,3,100
16.5,3,101
16.125,3.375,102
16,3.5,103
16.5,3.5,104
16.0512820512821,3.43589743589744,105
16.4285714285714,3.57142857142857,106
16.0512820512821,3.43589743589744,107
16,3.5,108
16,3.5,109
16.0512820512821,3.43589743589744,110
16.5,4,111
16.5,3.5,112
15.5714285714286,3.42857142857143,113
16.5,3,114
7.5,3,115
5.88888888888889,2.44444444444444,116
8.58139534883721,3.46511627906977,117
7,3,118
16.5,3.5,119
16.4285714285714,3.42857142857143,120
4.84848484848485,2.87878787878788,121
5.41379310344828,2.93103448275862,122
4.84848484848485,2.87878787878788,123
7.08823529411765,2.94117647058824,124
7.15151515151515,2.87878787878788,125
7.08823529411765,2.94117647058824,126
7.15151515151515,2.87878787878788,127
7.08823529411765,2.94117647058824,128
7.08823529411765,2.94117647058824,129
7.08823529411765,2.94117647058824,130
7.08823529411765,2.94117647058824,131
7.08823529411765,2.94117647058824,132
7.08823529411765,2.94117647058824,133
7.08823529411765,2.94117647058824,134
6.5,2.5,135
6.5,2.5,136
7,2.5,137
6.41379310344828,2.93103448275862,138
6.41379310344828,2.93103448275862,139
6.41379310344828,2.93103448275862,140
6.41379310344828,2.93103448275862,141
6.41379310344828,2.93103448275862,142
6.5,3,143
6.41379310344828,2.93103448275862,144
6.5,2.5,145
6.41379310344828,2.93103448275862,146
6,3,147
6.41379310344828,2.93103448275862,148
6.41379310344828,2.93103448275862,149
6.41379310344828,2.93103448275862,150
6.5,3,151
6.41379310344828,2.93103448275862,152
6.5,3,153
6.41379310344828,2.93103448275862,154
6.5,3,155
6.41379310344828,2.93103448275862,156
6.5,3,157
6.41379310344828,2.93103448275862,158
6.41379310344828,2.93103448275862,159
6.41379310344828,2.93103448275862,160
6.41379310344828,2.93103448275862,161
6.5,3,162
6.41379310344828,2.93103448275862,163
6.41379310344828,2.93103448275862,164
6.41379310344828,2.93103448275862,165
10.5,2.5,166
17.9090909090909,2.95454545454545,167
17.5897435897436,2.94871794871795,168
15.5714285714286,3.42857142857143,169
15.5,3.5,170
15.5714285714286,3.42857142857143,171
16.5,3,172
12,2.5,173
13.1515151515152,2.87878787878788,174
8,3,175
8,3,176
7,3,177
7,3,178
6.65789473684211,2.89473684210526,179
6.65789473684211,2.89473684210526,180
6.65789473684211,2.89473684210526,181
6.65789473684211,2.89473684210526,182
6.65789473684211,2.89473684210526,183
6.65789473684211,2.89473684210526,184
6.65789473684211,2.89473684210526,185
6.65789473684211,2.89473684210526,186
6.65789473684211,2.89473684210526,187
6.65789473684211,2.89473684210526,188
6.65789473684211,2.89473684210526,189
6.65789473684211,2.89473684210526,190
6.65789473684211,2.89473684210526,191
6.65789473684211,2.89473684210526,192
6.65789473684211,2.89473684210526,193
6.65789473684211,2.89473684210526,194
6.65789473684211,2.89473684210526,195
6.65789473684211,2.89473684210526,196
6.65789473684211,2.89473684210526,197
6.65789473684211,2.89473684210526,198
6.15151515151515,2.87878787878788,199
6.65789473684211,2.89473684210526,200
6.65789473684211,2.89473684210526,201
6.15151515151515,2.87878787878788,202
6.65789473684211,2.89473684210526,203
6.65789473684211,2.89473684210526,204
6.15151515151515,2.87878787878788,205
6.65789473684211,2.89473684210526,206
6.65789473684211,2.89473684210526,207
6.15151515151515,2.87878787878788,208
6.65789473684211,2.89473684210526,209
6.65789473684211,2.89473684210526,210
6.15151515151515,2.87878787878788,211
6.65789473684211,2.89473684210526,212
6.15151515151515,2.87878787878788,213
6.08823529411765,2.94117647058824,214
6.08823529411765,2.94117647058824,215
6.08823529411765,2.94117647058824,216
6.08823529411765,2.94117647058824,217
6.08823529411765,2.94117647058824,218
6.08823529411765,2.94117647058824,219
6.08823529411765,2.94117647058824,220
6.08823529411765,2.94117647058824,221
6.08823529411765,2.94117647058824,222
6.08823529411765,2.94117647058824,223
6.08823529411765,2.94117647058824,224
6.08823529411765,2.94117647058824,225
6.08823529411765,2.94117647058824,226
6.08823529411765,2.94117647058824,227
6.08823529411765,2.94117647058824,228
6.08823529411765,2.94117647058824,229
6.08823529411765,2.94117647058824,230
6.08823529411765,2.94117647058824,231
6.08823529411765,2.94117647058824,232
6.08823529411765,2.94117647058824,233
6.08823529411765,2.94117647058824,234
6.08823529411765,2.94117647058824,235
6.08823529411765,2.94117647058824,236
6.08823529411765,2.94117647058824,237
6.08823529411765,2.94117647058824,238
6.08823529411765,2.94117647058824,239
6.08823529411765,2.94117647058824,240
6.08823529411765,2.94117647058824,241
10,2.87878787878788,242
11,2.5,243
16,3.5,244
NaN,NaN,245
NaN,NaN,246
13,4,247
12,4,248
10.5,4,249
10.5,4,250
11.5,4,251
NaN,NaN,252
16.5,3,253
16.5,3,254
17.5,3,255
16.5,3,256
16.5,3,257
16.5,3,258
13,3.5,259
12.5,4,260
NaN,NaN,261
18,3,262
5.58620689655172,2.93103448275862,263
7.65789473684211,2.89473684210526,264
10.4137931034483,2.93103448275862,265
NaN,NaN,266
10,3,267
6.15151515151515,2.87878787878788,268
10,4,269
10,4,270
10.0512820512821,3.56410256410256,271
10.0512820512821,3.56410256410256,272
9.5,3,273
NaN,NaN,274
14.9487179487179,3.43589743589744,275
15,3.5,276
13.9318181818182,3.95454545454545,277
16.5,3,278
16.5,3,279
16.5,3,280
16.5,3,281
16.5,3,282
16.5,3,283
16.5,3,284
16.5,3,285
16.5,3,286
16.5,3,287
16.5,3,288
16.5,3,289
16.5,3,290
16.5,3,291
16.5,3,292
16.5,3,293
16.5,3,294
16.5,3,295
16.5,3,296
16.5,3,297
16.5,3,298
16.5,3,299
16.5,3,300
NaN,NaN,301
16.5,3,302
16.5,3,303
16.5,3,304
16.5,3,305
16.5,3,306
16.5,3,307
16.5,3,308
16.5,3,309
16.5,3,310
NaN,NaN,311
16.5,3,312
16.5,3,313
16.5,3,314
16.5,3,315
16.5,3,316
16.5,3,317
16.5,3,318
16.5,3,319
16.5,3,320
16.5,3,321
16.5,3,322
16.5,3,323
16.5,3,324
16.5,3,325
16.5,3,326
16.5,3,327
16.5,3,328
16.5,3,329
16.5,3,330
16.5,3,331
16.5,3,332
16.5,3,333
16.5,3,334
16.5,3,335
16.5,3,336
16.5,3,337
16.5,3,338
16.5,3,339
16.5,3,340
16.5,3,341
16.5,3,342
16.5,3,343
16.5,3,344
16.5,3,345
16.5,3,346
16.5,3,347
16.5,3,348
16.5,3,349
16.5,3,350
16.5,3,351
16.5,3,352
16.5,3,353
16.5,3,354
16.5,3,355
16.5,3,356
16,3,357
NaN,NaN,358
8,3,359
NaN,NaN,360
6.5,3,361
13,4.5,362
8.5,2.5,363
15.5,2.5,364
12,3.5,365
16,3,366
16.5714285714286,3.42857142857143,367
16.5,3,368
10.0882352941176,2.94117647058824,369
9.64705882352941,3.38235294117647,370
10.1315789473684,3.39473684210526,371
9.6578947368421,2.89473684210526,372
6.19230769230769,2.38461538461538,373
8.5,2.5,374
16,3,375
9.5,3,376
NaN,NaN,377
NaN,NaN,378
16.5714285714286,3.42857142857143,379
16,3.5,380
15.4285714285714,3.42857142857143,381
15.5714285714286,3.42857142857143,382
15.4137931034483,2.93103448275862,383
15,3,384
15,3,385
15.5,3,386
15,3,387
15,3,388
15,3,389
15,3,390
15,3,391
15,3,392
15,3,393
15.5,3,394
15,3,395
15,3,396
15,3,397
15,3,398
15,3,399
15,3,400
15,3,401
15,3,402
15,3,403
15,3,404
15,3,405
15,3,406
15,3,407
15,3,408
15,3,409
15,3,410
15,3,411
15,3,412
15,3,413
15.5,3,414
15,3,415
15,3,416
15,3,417
15,3,418
15,3,419
15,3,420
15,3,421
15,3,422
15,3,423
15,3,424
15,3,425
15,3,426
15,3,427
15,3,428
15,3,429
15,3,430
15,3,431
16.5,4,432
18.4651162790698,3.55813953488372,433
19.5714285714286,3.42857142857143,434
19.5,3,435
19.5,3,436
19.5,3,437
11.4324324324324,2.83783783783784,438
8.3421052631579,2.89473684210526,439
8.3421052631579,2.89473684210526,440
9.7948717948718,3.33333333333333,441
11,2.5,442
5.5,2.5,443
19,3,444
10.5,2.5,445
19,3,446
10,4,447
16.0512820512821,3.43589743589744,448
17,3,449
17,3,450
8.42857142857143,3.42857142857143,451
16.5,2.5,452
15,4,453
7.58620689655172,2.93103448275862,454
8.5,3,455
7.5,2.5,456
12,3.5,457
12,4,458
8.41379310344828,2.93103448275862,459
9,3,460
8.41379310344828,2.93103448275862,461
11.9487179487179,3.56410256410256,462
10.5,3,463
12.5,2.5,464
5.58620689655172,2.93103448275862,465
5.58620689655172,2.93103448275862,466
8.5,3,467
12.5,3,468
9.5,3,469
16,4,470
16,3.5,471
15.5,3.5,472
14,2.5,473
14.3809523809524,3.4047619047619,474
7,3,475
10.5,2.5,476
13.3913043478261,2.43478260869565,477
14.5862068965517,2.93103448275862,478
19,3.5,479
16,3,480
19.5,3,481
5,2.5,482
20,3,483
9,3,484
11,4,485
10.5,3.5,486
9.5,4,487
12.1515151515152,2.87878787878788,488
12,3,489
16,3,490
19.5,3,491
13.5,4,492
7,3,493
8.5,3.5,494
10.5,3.5,495
12,4,496
13.5862068965517,2.93103448275862,497
13,2.5,498
11.5,2.5,499
10.1111111111111,2.44444444444444,500
10,2.5,501
9.5,2.5,502
9.5,2.5,503
9,3,504
8.19230769230769,2.38461538461538,505
10,2.5,506
8.5,2.5,507
11,3,508
10.5,3,509
11,3,510
10.5,3,511
NaN,NaN,512
11,3,513
6,2.5,514
7.20512820512821,3.33333333333333,515
8,3.5,516
8.5,3,517
9.5,3,518
9,3,519
8.58974358974359,2.94871794871795,520
9.5,3,521
9,3,522
8.58974358974359,2.94871794871795,523
8.58974358974359,2.94871794871795,524
8.58974358974359,2.94871794871795,525
8.58974358974359,2.94871794871795,526
8.58974358974359,2.94871794871795,527
8.58974358974359,2.94871794871795,528
8.58974358974359,2.94871794871795,529
8.58974358974359,2.94871794871795,530
8.58974358974359,2.94871794871795,531
8.58974358974359,2.94871794871795,532
8.58974358974359,2.94871794871795,533
8.58974358974359,2.94871794871795,534
8.58974358974359,2.94871794871795,535
8.58974358974359,2.94871794871795,536
8.58974358974359,2.94871794871795,537
8.58974358974359,2.94871794871795,538
8.58974358974359,2.94871794871795,539
8.58974358974359,2.94871794871795,540
8.58974358974359,2.94871794871795,541
8.58974358974359,2.94871794871795,542
8.58974358974359,2.94871794871795,543
8.58974358974359,2.94871794871795,544
9,3,545
9,3,546
8.58974358974359,2.94871794871795,547
8.58974358974359,2.94871794871795,548
8.58974358974359,2.94871794871795,549
8.58974358974359,2.94871794871795,550
8.58974358974359,2.94871794871795,551
8.58974358974359,2.94871794871795,552
8.58974358974359,2.94871794871795,553
8.58974358974359,2.94871794871795,554
8.6578947368421,2.89473684210526,555
9,3,556
8.58974358974359,2.94871794871795,557
9,3,558
8.58974358974359,2.94871794871795,559
9,3,560
9,3,561
8.58974358974359,2.94871794871795,562
8.58974358974359,2.94871794871795,563
8.58974358974359,2.94871794871795,564
8.58974358974359,2.94871794871795,565
8.58974358974359,2.94871794871795,566
8.58974358974359,2.94871794871795,567
8.58974358974359,2.94871794871795,568
8.58974358974359,2.94871794871795,569
8.58974358974359,2.94871794871795,570
8.58974358974359,2.94871794871795,571
9,3,572
8.58974358974359,2.94871794871795,573
8.58974358974359,2.94871794871795,574
8.58974358974359,2.94871794871795,575
8.58974358974359,2.94871794871795,576
8.58974358974359,2.94871794871795,577
9,3,578
7.5,3,579
15.5,2.5,580
16.5,3,581
16.5,3,582
NaN,NaN,583
8.5,3,584
12.5,2,585
5,2,586
7.5,3,587
6,2.5,588
9,2.5,589
11.5,4,590
17.5,2.5,591
17.3,2.4,592
16.4137931034483,2.93103448275862,593
15.5,3,594
10.0882352941176,2.94117647058824,595
10.0882352941176,2.94117647058824,596
9.5,2.5,597
10,2.5,598
10.5,2.5,599
10.5,2.5,600
10,2.5,601
11.0882352941176,2.94117647058824,602
15.5,3,603
NaN,NaN,604
11.8076923076923,2.38461538461538,605
16.5,3,606
13,4,607
19.5,3,608
16.5,2.5,609
15,4,610
15.5,4,611
15.4137931034483,2.93103448275862,612
14.5,2.5,613
13,2.5,614
17.5,3,615
19.5,3,616
9.5,3,617
10.0882352941176,2.94117647058824,618
12,4.5,619
5.5,3,620
7,2.5,621
6.60869565217391,2.43478260869565,622
16,2.5,623
10,2.5,624
8.3421052631579,2.89473684210526,625
8.5,3,626
10.5,2.5,627
10.5,2.5,628
10.5,2.5,629
10.5,2.5,630
10.5,2.5,631
10.5,2.5,632
10.5,2.5,633
10.5,2.5,634
10.5,2.5,635
10.5,2.5,636
10.5,2.5,637
10.5,2.5,638
10.5,2.5,639
10.5,2.5,640
10.5,2.5,641
10.5,2.5,642
10.5,2.5,643
10.5,2.5,644
10.5,2.5,645
10.5,2.5,646
10.5,2.5,647
10.5,2.5,648
NaN,NaN,649
10.5,2.5,650
10.5,2.5,651
10.5,2.5,652
10.5,2.5,653
10.5,2.5,654
10.5,2.5,655
10.5,2.5,656
10.5,2.5,657
10.5,2.5,658
10.5,2.5,659
10.5,2.5,660
10.5,2.5,661
10.5,2.5,662
10.5,2.5,663
10.5,2.5,664
10.5,2.5,665
10.5,2.5,666
10.5,2.5,667
10.5,2.5,668
10.5,2.5,669
10.5,2.5,670
10.5,2.5,671
10.5,2.5,672
10.5,2.5,673
10.5,2.5,674
10.5,2.5,675
10.5,2.5,676
10.5,2.5,677
10.5,2.5,678
10.5,2.5,679
10.5,2.5,680
10.5,2.5,681
10.5,2.5,682
10.5,2.5,683
10.5,2.5,684
10.5,2.5,685
10.5,2.5,686
10.5,2.5,687
10.5,2.5,688
10.5,2.5,689
10.5,2.5,690
10.5,2.5,691
10.5,2.5,692
10.5,2.5,693
10.5,2.5,694
10.5,2.5,695
10.5,2.5,696
10.5,2.5,697
10.5,2.5,698
10.5,2.5,699
10.5,2.5,700
10.5,2.5,701
10.4137931034483,2.93103448275862,702
11.8484848484848,2.87878787878788,703
14,2.5,704
17,3.5,705
4.60869565217391,2.43478260869565,706
11.5,2,707
16.5,3,708
19.5,3,709
20,3.5,710
19.5,3.5,711
18,3.5,712
16.5,3,713
17.5,2.5,714
19.5,3,715
6.15151515151515,2.87878787878788,716
10,2.87878787878788,717
8.42424242424242,3.45454545454545,718
13.5,3,719
15.5,3,720
NaN,NaN,721
7.5,3,722
12,2.5,723
10,3,724
12.1515151515152,2.87878787878788,725
19,3,726
15,3.5,727
15.0512820512821,3.56410256410256,728
15.0512820512821,3.56410256410256,729
15,3.5,730
14,4,731
11.4285714285714,3.57142857142857,732
9,2.5,733
10,3.5,734
8,3,735
16.5,3,736
12,3,737
12,2.5,738
12.5,2.5,739
12,2.5,740
12,2.5,741
12.5,2.5,742
12,2.5,743
12,2.5,744
12.5,2.5,745
12,2.5,746
12,2.5,747
12,2.5,748
12.5,2.5,749
12.5,2.5,750
12.5,2.5,751
12,2.5,752
12,2.5,753
12.5,2.5,754
12.5,2.5,755
12.5,2.5,756
12.5,2.5,757
12,2.5,758
12.5,2.5,759
12.5,2.5,760
12.5,2.5,761
12.5,2.5,762
12.5,2.5,763
12,2.5,764
12,2.5,765
12.5,2.5,766
12.5,2.5,767
12.5,2.5,768
12.5,2.5,769
12.5,2.5,770
12.5,2.5,771
12,2.5,772
12,2.5,773
12.5,2.5,774
12,2.5,775
12,2.5,776
12.5,2.5,777
12,2.5,778
12,2.5,779
12,2.5,780
12.5,2.5,781
12,2.5,782
12.5,2.5,783
12.5,2.5,784
12.5,2.5,785
12,2.5,786
12,2.5,787
12,2.5,788
12,2.5,789
12,2.5,790
12,2.5,791
12.5,2.5,792
12,2.5,793
12,2.5,794
12,2.5,795
12,2.5,796
12,2.5,797
12,2.5,798
15,4,799
11,3.5,800
11,4,801
9.5,4,802
7,3,803
9.5,2.5,804
6.15151515151515,2.87878787878788,805
11,3.5,806
16,3,807
16.5,4,808
16.5,3.5,809
12,2.5,810
11,2.5,811
9.41379310344828,2.93103448275862,812
10.6086956521739,2.43478260869565,813
9,2.5,814
9.5,3,815
9.41379310344828,2.93103448275862,816
9.41379310344828,2.93103448275862,817
9,2.5,818
10.4137931034483,2.93103448275862,819
10,2.5,820
10.4137931034483,2.93103448275862,821
8.5,2.5,822
10,2.5,823
10,2.5,824
7.5,2.5,825
8,2.5,826
7.5,2.5,827
7.80769230769231,2.38461538461538,828
7.32258064516129,2.80645161290323,829
8.58620689655172,2.93103448275862,830
8.5,3,831
8.25,2.84375,832
8.25,2.84375,833
7.67857142857143,2.89285714285714,834
7.67857142857143,2.89285714285714,835
7.67857142857143,2.89285714285714,836
7.67857142857143,2.89285714285714,837
7.58620689655172,2.93103448275862,838
7.58620689655172,2.93103448275862,839
8.08823529411765,2.94117647058824,840
7.67857142857143,2.89285714285714,841
7.67857142857143,2.89285714285714,842
8.5,2.5,843
8.5,2.5,844
8,2.5,845
8,2.5,846
10.5,3,847
10.4137931034483,2.93103448275862,848
10.9117647058824,2.94117647058824,849
11.5,2.5,850
12,2.5,851
11.4137931034483,2.93103448275862,852
10.9117647058824,2.94117647058824,853
9,3.5,854
12,4,855
11.4285714285714,3.57142857142857,856
11,3,857
10,4,858
11.5,4,859
11.4285714285714,4.42857142857143,860
10.5,4,861
10,3.5,862
9.5,3,863
9.125,3.375,864
10.4285714285714,3.57142857142857,865
11,3,866
10,3,867
10.5,3.5,868
11,3,869
12,4,870
12.5,4,871
12.5,4,872
12.5,4,873
13,4,874
12.5,4,875
11,3.5,876
11.4285714285714,3.57142857142857,877
11.5,3.5,878
10.5,3.5,879
10.0731707317073,3.4390243902439,880
10.5,3,881
8.5,3.5,882
8.5,3,883
8.5,3,884
9,3.5,885
8.5,3,886
8.57142857142857,3.42857142857143,887
8.5,3,888
8.5,3,889
8.5,3.5,890
8.5,3,891
8.5,3,892
8.42857142857143,3.42857142857143,893
8.5,3,894
9,3.5,895
9,3.5,896
10.5,3,897
10.5714285714286,3.42857142857143,898
10.5714285714286,3.42857142857143,899
11,3.5,900
10.5714285714286,3.42857142857143,901
11,4,902
10.5,3.5,903
10.5,3.5,904
10.5,3.5,905
12,4,906
NaN,NaN,907
11,3,908
11.5,3.5,909
11,3.5,910
10.9487179487179,3.56410256410256,911
10.9487179487179,3.56410256410256,912
10.5714285714286,3.42857142857143,913
10.9487179487179,3.56410256410256,914
10.875,3.625,915
8.5,2.5,916
18,3,917
16.5,3,918
5.58620689655172,2.93103448275862,919
11.5862068965517,2.93103448275862,920
10,2.5,921
10,3,922
6.58620689655172,2.93103448275862,923
11,2.5,924
8,3,925
12.5,3,926
19.5,3,927
5.58620689655172,2.93103448275862,928
10.5,2.5,929
9.84848484848485,2.87878787878788,930
NaN,NaN,931
12.5,3,932
4.5,2.5,933
4.58620689655172,2.93103448275862,934
6.15151515151515,2.87878787878788,935
6.08823529411765,2.94117647058824,936
8.5,2.5,937
12,2.5,938
8.08823529411765,2.94117647058824,939
16,2.5,940
NaN,NaN,941
NaN,NaN,942
9,3,943
9.5,2.5,944
NaN,NaN,945
7.5,2.5,946
13.7027027027027,2.83783783783784,947
NaN,NaN,948
9.5,2.5,949
13.1923076923077,2.38461538461538,950
13,2.5,951
8.2051282051282,3.33333333333333,952
9.5,2.5,953
11.3,2.4,954
16.5,2.5,955
13.3214285714286,2.89285714285714,956
13,2.5,957
11.5,2.5,958
13.1515151515152,2.87878787878788,959
14.5,2.5,960
16.5862068965517,2.93103448275862,961
