x,y,t
13.5,2,1
12.2142857142857,2.85714285714286,2
12.6304347826087,2.82608695652174,3
12.6304347826087,2.82608695652174,4
9.94117647058824,3.45098039215686,5
12.9117647058824,2.94117647058824,6
15.5,3,7
19.0731707317073,16.4390243902439,8
6.5,3,9
20.6041666666667,11.0625,10
12.4576271186441,15.0338983050847,11
5.91176470588235,2.94117647058824,12
17.1,3.3,13
9.5,2.5,14
18.5,3,15
10.5,10.5,16
5.33333333333333,31.3333333333333,17
9.8,3.3,18
11.0909090909091,2.95454545454545,19
13.5,3,20
16.8,4.3,21
17.1818181818182,4.27272727272727,22
16.811320754717,4.79245283018868,23
15.4444444444444,3.33333333333333,24
9.94117647058824,3.45098039215686,25
10,3.5,26
10.4444444444444,3.44444444444444,27
9.7843137254902,3.37254901960784,28
10,3.5,29
9,3,30
7.5,2.89473684210526,31
7.5,2.89473684210526,32
7.5,2.89473684210526,33
7.5,2.89473684210526,34
7.91176470588235,2.94117647058824,35
7.5,2.89473684210526,36
7.5,2.89473684210526,37
7.5,2.89473684210526,38
7.5,2.89473684210526,39
7.5,2.89473684210526,40
7.91176470588235,2.94117647058824,41
7.5,2.89473684210526,42
7.5,2.89473684210526,43
7.5,2.89473684210526,44
7.5,2.89473684210526,45
7.5,2.89473684210526,46
7.5,2.89473684210526,47
7.5,2.89473684210526,48
7.5,3,49
7.5,3,50
7.5,3,51
7.5,3,52
7.5,3,53
7.41025641025641,2.94871794871795,54
7.5,3,55
7.41025641025641,2.94871794871795,56
7.5,3,57
7.41025641025641,2.94871794871795,58
7.5,3,59
7.41025641025641,2.94871794871795,60
18,3.375,61
10,2.5,62
20,17,63
4.44444444444444,33.5555555555556,64
13.8181818181818,5.18181818181818,65
13.9464285714286,4.92857142857143,66
14.3529411764706,4.82352941176471,67
10.4385964912281,3.45614035087719,68
11,3.5,69
10.5555555555556,3.55555555555556,70
9.92452830188679,3.45283018867925,71
10.4255319148936,3.4468085106383,72
10.4255319148936,3.4468085106383,73
10.4,3.9,74
10.5555555555556,3.55555555555556,75
10.3695652173913,3.39130434782609,76
9.90909090909091,3.90909090909091,77
9.55555555555556,3.33333333333333,78
9.5,3,79
9.6304347826087,3.39130434782609,80
9.5,3,81
9.5,3,82
9.5,3,83
9.5,3,84
9.5,3,85
9.5,3,86
9.5,3,87
9.5,3,88
9.5,3,89
9.5,3,90
9.5,3,91
9.5,3,92
9.5,3,93
9.5,3,94
9.5,3,95
9.08823529411765,2.94117647058824,96
9.5,3,97
9.5,3,98
9.5,3,99
9.5,3,100
9.5,3,101
9.5,3,102
9.5,3,103
9.5,3,104
9.5,3,105
9.5,3,106
9.5,3,107
9.5,3,108
11,3,109
12,3,110
12,3,111
12,3,112
12,3,113
12,3,114
12,3,115
12,3,116
12,3,117
12,3,118
12,3,119
12,3,120
12,3,121
12,3,122
12,3,123
12.5918367346939,2.95918367346939,124
12.5918367346939,2.95918367346939,125
12.5918367346939,2.95918367346939,126
12.5,3,127
12.5918367346939,2.95918367346939,128
12.5918367346939,2.95918367346939,129
12.5918367346939,2.95918367346939,130
12.5,3,131
12.5918367346939,2.95918367346939,132
12.5,3,133
16.5,3.41379310344828,134
16,3.375,135
14.6363636363636,3.27272727272727,136
18.1,3.3,137
18.9,3.6,138
18.9411764705882,3.54901960784314,139
18.9,3.3,140
18.5,3.5,141
10.875,3.375,142
20.5609756097561,9.07317073170732,143
18,10.5,144
3.45283018867925,24.9245283018868,145
15.6,14.9,146
15.4489795918367,11.0408163265306,147
15.6470588235294,10.8235294117647,148
5.7,5.2,149
6.33333333333333,4.83333333333333,150
19.5,4,151
7.2,3.29090909090909,152
8.5,2.5,153
19.5,3,154
7,3,155
9.08333333333333,18.4166666666667,156
6.22222222222222,27.7777777777778,157
18.5,3,158
3.33333333333333,32.6666666666667,159
9.5,5,160
13.0344827586207,6.05172413793103,161
4,3.5,162
18.9268292682927,3.4390243902439,163
10,2.5,164
18,17.5,165
11.1698113207547,20.188679245283,166
12.7,12.2,167
14.6,32.9,168
13,4.90909090909091,169
12.8301886792453,4.35849056603774,170
17.9642857142857,5.03571428571429,171
18.4074074074074,5.5,172
8,8,173
12.6,3.9,174
13.25,3.78571428571429,175
13.1818181818182,3.72727272727273,176
13.25,3.78571428571429,177
13.25,3.78571428571429,178
13.25,3.78571428571429,179
13.25,3.78571428571429,180
13.2,3.83636363636364,181
13.2,3.83636363636364,182
13.2,3.83636363636364,183
13.2,3.83636363636364,184
13.2,3.83636363636364,185
13.2,3.83636363636364,186
13.2,3.83636363636364,187
13.2,3.83636363636364,188
13.2,3.83636363636364,189
13.2,3.83636363636364,190
13.2,3.83636363636364,191
13.2,3.83636363636364,192
13.2,3.83636363636364,193
13.2,3.83636363636364,194
13.2,3.83636363636364,195
13.2,3.83636363636364,196
13.2,3.83636363636364,197
13.2,3.83636363636364,198
13.2,3.83636363636364,199
13.2,3.83636363636364,200
13.2,3.83636363636364,201
13.2,3.83636363636364,202
13.2,3.83636363636364,203
13.2,3.83636363636364,204
13.2,3.83636363636364,205
13.2,3.83636363636364,206
13.2,3.83636363636364,207
13.2,3.83636363636364,208
13.2,3.83636363636364,209
13.2,3.83636363636364,210
13.2,3.83636363636364,211
13.2,3.83636363636364,212
13.2,3.83636363636364,213
13.2,3.83636363636364,214
13.2,3.83636363636364,215
13.2,3.83636363636364,216
13.2,3.83636363636364,217
13.2,3.83636363636364,218
13.2,3.83636363636364,219
13.2,3.83636363636364,220
13.2,3.83636363636364,221
13.2,3.83636363636364,222
13.2,3.83636363636364,223
13.2,3.83636363636364,224
13.2,3.83636363636364,225
13.2,3.83636363636364,226
13.2,3.83636363636364,227
13.2,3.83636363636364,228
13.2,3.83636363636364,229
13.2,3.83636363636364,230
13.2,3.83636363636364,231
13.2,3.83636363636364,232
13.2,3.83636363636364,233
13.2,3.83636363636364,234
13.2,3.83636363636364,235
13.2,3.83636363636364,236
13.2,3.83636363636364,237
13.2,3.83636363636364,238
13.2,3.83636363636364,239
13.2,3.83636363636364,240
13.2,3.83636363636364,241
13.2,3.83636363636364,242
13.2,3.83636363636364,243
13.2,3.83636363636364,244
13.2,3.83636363636364,245
13.2,3.83636363636364,246
13.2,3.83636363636364,247
12.0909090909091,4.90909090909091,248
17.3333333333333,3.33333333333333,249
8.92682926829268,3.4390243902439,250
8,3,251
11.5897435897436,2.94871794871795,252
12,3,253
11.0882352941176,2.94117647058824,254
11.0882352941176,2.94117647058824,255
12.0882352941176,2.94117647058824,256
12,3,257
11.5,2.89473684210526,258
11.5,3,259
11.5897435897436,2.94871794871795,260
11.5897435897436,2.94871794871795,261
12.5,3,262
11.5,3,263
11.5897435897436,2.94871794871795,264
11.5,3,265
11.0882352941176,2.94117647058824,266
11.5,3,267
11.5,3,268
11.5,3,269
11.5,3,270
11.5,3,271
11,3,272
12,3,273
12,3,274
12,3,275
12.5,3,276
12,3,277
12,3,278
12.5,3,279
13.75,3.29545454545455,280
14.125,3.375,281
13.75,3.29545454545455,282
14.125,3.375,283
18.0731707317073,3.4390243902439,284
17.375,3.25,285
4.5,3,286
9,3,287
9.08823529411765,2.94117647058824,288
10.8813559322034,4.3728813559322,289
19.9387755102041,4.46938775510204,290
13,3,291
15.4489795918367,4.04081632653061,292
19.625,14.125,293
17.9090909090909,5,294
14.3529411764706,6.17647058823529,295
14.3636363636364,16.6363636363636,296
13.6470588235294,30.1764705882353,297
16.3333333333333,6.33333333333333,298
14.3695652173913,3.39130434782609,299
14.3,3.8,300
14.4255319148936,3.4468085106383,301
14.3333333333333,3.33333333333333,302
10.5,2.5,303
NaN,NaN,304
11,2.5,305
NaN,NaN,306
11,2.5,307
11,2.5,308
11,2.5,309
11,2.5,310
NaN,NaN,311
11,2.5,312
NaN,NaN,313
11,2.5,314
11,2.5,315
11,2.5,316
11,2.5,317
NaN,NaN,318
NaN,NaN,319
11,2.5,320
11,2.5,321
NaN,NaN,322
11,2.5,323
11,2.5,324
NaN,NaN,325
11,2.5,326
14,3,327
10.5,3,328
9.08823529411765,2.94117647058824,329
9.08823529411765,2.94117647058824,330
9.08823529411765,2.94117647058824,331
9.08823529411765,2.94117647058824,332
9.08823529411765,2.94117647058824,333
9.08823529411765,2.94117647058824,334
9.08823529411765,2.94117647058824,335
9.08823529411765,2.94117647058824,336
9.08823529411765,2.94117647058824,337
9.08823529411765,2.94117647058824,338
9.08823529411765,2.94117647058824,339
9.08823529411765,2.94117647058824,340
9.08823529411765,2.94117647058824,341
9.08823529411765,2.94117647058824,342
9.08823529411765,2.94117647058824,343
9.08823529411765,2.94117647058824,344
9.08823529411765,2.94117647058824,345
9.08823529411765,2.94117647058824,346
9.08823529411765,2.94117647058824,347
9.08823529411765,2.94117647058824,348
9.08823529411765,2.94117647058824,349
9.08823529411765,2.94117647058824,350
9.08823529411765,2.94117647058824,351
9.08823529411765,2.94117647058824,352
9.08823529411765,2.94117647058824,353
9.08823529411765,2.94117647058824,354
9.08823529411765,2.94117647058824,355
9.08823529411765,2.94117647058824,356
9.08823529411765,2.94117647058824,357
9.08823529411765,2.94117647058824,358
9.08823529411765,2.94117647058824,359
9.08823529411765,2.94117647058824,360
9.08823529411765,2.94117647058824,361
9.08823529411765,2.94117647058824,362
9.08823529411765,2.94117647058824,363
11,2.87878787878788,364
18.9117647058824,2.94117647058824,365
19.4137931034483,2.93103448275862,366
18.9268292682927,3.4390243902439,367
5.5,6.5,368
20.1111111111111,9.88888888888889,369
18.3050847457627,8.77966101694915,370
14.9464285714286,6.98214285714286,371
8.52941176470588,3.94117647058824,372
13,2.5,373
6.08823529411765,2.94117647058824,374
18,3,375
8,4,376
9.67857142857143,23.7142857142857,377
16.9642857142857,16.9464285714286,378
15.7,15.1,379
15.7,15.1,380
3.66666666666667,9.66666666666667,381
13.9464285714286,11.9821428571429,382
12.5,3,383
14.5,23,384
19.4,13,385
8.07317073170732,3.4390243902439,386
18.9117647058824,2.94117647058824,387
12.5,3.5,388
8.5,2.5,389
6.43103448275862,25.8965517241379,390
8.52459016393443,33.0491803278689,391
4.22222222222222,4.22222222222222,392
15.5,3,393
18.5,3.39130434782609,394
18.5,3,395
18.5,3,396
18.5,3,397
18.5,3,398
18.5,3,399
18.5,3,400
18.5,3,401
17.5,3,402
17.5,3,403
17.5,3,404
17.5,3,405
17.5,3,406
17.5,3,407
17.5,3,408
17.5,3,409
17.5,3,410
17.5,3,411
17.5,3,412
17.5,3,413
17.5,3,414
17.5,3,415
17.5,3,416
17.5,3,417
17.5,3,418
17.5,3,419
17.5,3,420
17.5,3,421
17.5,3,422
17.5,3,423
17.5,3,424
17.5,3,425
17.5,3,426
17.5,3,427
17.5,3,428
17.5,3,429
17.5,3,430
17.5,3,431
17.5,3,432
17.5,3,433
17.5,3,434
17.5,3,435
17.5,3,436
17.5,3,437
17.5,3,438
17.5,3,439
17.5,3,440
17.5,3,441
17.5,3,442
17.0731707317073,3.4390243902439,443
15.5,3,444
16,3,445
16,3,446
15.5,3,447
15.5,3,448
15.5,3,449
15.5,3,450
15.5,3,451
15.5,3,452
15.5,3,453
15.5,3,454
15.5,3,455
15.5,3,456
15.5,3,457
15.5,3,458
15.5,3,459
15.5,3,460
15.5,3,461
15.5,3,462
15.5,3,463
15.5,3,464
15.5,3,465
15.5,3,466
15.5,3,467
15.5,3,468
15.5,3,469
15.5,3,470
15,3,471
15,3,472
15.5,3,473
15,3,474
15,3,475
15.5,3,476
15.5,3,477
15,3,478
15.5,3,479
15.5,3,480
15.5,3,481
15,3,482
15.5,3,483
15,3,484
15,3,485
15,3,486
15,3,487
15,3,488
15,3,489
15,3,490
15,3,491
15,3,492
15.5,3,493
15,3,494
15,3,495
15,3,496
15.5,3,497
15,3,498
15.5,3,499
15,3,500
14,3,501
14,3,502
15,3,503
14,3,504
14,3,505
14,3,506
14,3,507
14,3,508
14,3,509
14,3,510
14,3,511
14,3,512
14,3,513
14,3,514
14,3,515
14,3,516
14,3,517
14,3,518
14,3,519
14,3,520
14,3,521
14,3,522
14,3,523
14,3,524
13.5,3,525
14,3,526
14,3,527
14.9268292682927,3.4390243902439,528
14.5,3.39130434782609,529
15,3.5,530
12.5,3,531
12,3,532
12,3,533
12,3,534
12,3,535
12,3,536
12,3,537
12,3,538
12,3,539
12,3,540
12,3,541
12,3,542
12,3,543
12,3,544
11.1698113207547,2.92452830188679,545
12,3,546
12,3,547
12,3,548
12,3,549
12,3,550
12,3,551
12,3,552
12,3,553
12,3,554
12,3,555
12,3,556
12,3,557
8.59183673469388,2.95918367346939,558
18.5,3,559
12.5510204081633,14.9591836734694,560
14.0833333333333,15.5833333333333,561
18.8163265306122,3.26530612244898,562
15.4545454545455,3.27272727272727,563
8.6304347826087,3.39130434782609,564
8.71111111111111,3.35555555555556,565
9.41025641025641,2.94871794871795,566
12,2.5,567
12,2.5,568
12,2.5,569
12,2.5,570
12,2.5,571
12,2.5,572
12,2.5,573
12,2.5,574
12,2.5,575
12,2.5,576
12,2.5,577
12,2.5,578
12,2.5,579
12,2.5,580
12,2.5,581
18.5,3,582
9.57142857142857,3.42857142857143,583
12.1346153846154,3.40384615384615,584
19.4137931034483,2.93103448275862,585
21,2.5,586
11.9245283018868,3.45283018867925,587
7.5,3.5,588
21,4,589
8.58333333333333,7.89583333333333,590
6.43137254901961,10.0392156862745,591
17,20,592
NaN,NaN,593
18,19,594
17.6271186440678,4.88135593220339,595
12.5,2.5,596
5.7,29.8,597
18,23,598
14.5,6,599
9.5,2.5,600
10.5897435897436,2.94871794871795,601
NaN,NaN,602
18.5,3,603
18.9117647058824,2.94117647058824,604
16.5,3,605
17.4651162790698,3.44186046511628,606
18.5,3,607
18.5,3,608
18.4285714285714,3.42857142857143,609
18.5,3,610
18.5,3,611
18.5,3,612
18.5,3,613
18.5,3,614
18.5,3,615
18.5,3,616
18.5,3,617
18.5,3,618
18.5,3,619
18.5,3,620
18.5,3,621
18.5,3,622
18.5,3,623
18.5,3,624
18.5,3,625
18.5,3,626
18.5,3,627
18.5,3,628
18.5,3,629
18.5,3,630
18.5,3,631
18.5,3,632
18.5,3,633
18.5,3,634
18.5,3,635
18.5,3,636
18.4137931034483,2.93103448275862,637
18.4137931034483,2.93103448275862,638
18.5,3,639
18.5,3,640
18.5,3,641
18.5,3,642
18.5,3,643
18.5,3,644
18.5,3,645
18.5,3,646
18.5,3,647
18.5,3,648
18.5,3,649
18.4137931034483,2.93103448275862,650
18.4137931034483,2.93103448275862,651
18.4137931034483,2.93103448275862,652
18.5,3,653
18.5,3,654
18.5,3,655
18.5,3,656
18.5,3,657
18.5,3,658
18.5,3,659
18.5,3,660
18.5,3,661
18.4137931034483,2.93103448275862,662
18.4137931034483,2.93103448275862,663
18.5,3,664
18,3,665
18.4137931034483,2.93103448275862,666
18.5,3,667
18.5,3,668
18.4137931034483,2.93103448275862,669
18.4137931034483,2.93103448275862,670
18.5,3,671
18.4137931034483,2.93103448275862,672
18.4137931034483,2.93103448275862,673
18.4137931034483,2.93103448275862,674
18.5,3,675
18.5,3,676
18.4137931034483,2.93103448275862,677
18.4137931034483,2.93103448275862,678
18.5,3,679
18.4137931034483,2.93103448275862,680
18.5,3,681
18.5,3,682
18,3,683
18,3,684
18,3,685
14,3,686
14,3,687
7.5,3,688
18.9117647058824,2.94117647058824,689
15,3,690
8,3.5,691
18.5,4,692
18.5,3.5,693
18.5,3,694
9.40816326530612,2.95918367346939,695
19.5,3,696
19.5609756097561,3.92682926829268,697
11,5.5,698
17.7,15.8,699
8.5,9.5,700
12.1296296296296,7.85185185185185,701
4,29.5,702
6.05882352941176,32.5294117647059,703
17.4705882352941,4.94117647058824,704
15.5,6,705
11.0754716981132,4.54716981132075,706
4,8.5,707
5.3469387755102,15.1224489795918,708
7.42857142857143,34.4285714285714,709
15.7551020408163,4.73469387755102,710
16.4833333333333,5.03333333333333,711
18.5,3.5,712
19.4102564102564,2.94871794871795,713
3.57142857142857,3.42857142857143,714
13.5,3,715
14.6304347826087,3.39130434782609,716
18.3529411764706,4.15686274509804,717
19.3,4.8,718
20.093023255814,3.88372093023256,719
8.2,3.29090909090909,720
11.3333333333333,3.33333333333333,721
5,4.5,722
10.3421052631579,2.89473684210526,723
14,3,724
3.3,28.8,725
8.90909090909091,19,726
21,4,727
19.3636363636364,8.27272727272727,728
16.5,30.5,729
10.0338983050847,5.55932203389831,730
11.5,2.5,731
12.8125,3.72916666666667,732
18.5,4,733
8.375,3.875,734
19,3,735
19,3.375,736
20,3,737
19.5,3,738
19.5,3,739
19.5,3,740
19.5,3,741
19.5,3,742
19.5,3,743
19.5,3,744
19.5,3,745
18.875,3.375,746
15,3,747
12.6304347826087,2.82608695652174,748
12.5,2.91666666666667,749
12.5,2.91666666666667,750
12.5744680851064,2.87234042553191,751
12.5,2.91666666666667,752
12.4081632653061,2.95918367346939,753
12.4081632653061,2.95918367346939,754
12.5,3,755
12.6304347826087,2.82608695652174,756
12.5,2.91666666666667,757
12.5744680851064,2.87234042553191,758
12.5,2.91666666666667,759
12.5744680851064,2.87234042553191,760
12.5,2.91666666666667,761
12.5,2.91666666666667,762
12.4081632653061,2.95918367346939,763
12,2.92452830188679,764
12,2.92452830188679,765
12.4081632653061,2.95918367346939,766
12.4081632653061,2.95918367346939,767
12.4081632653061,2.95918367346939,768
12.4081632653061,2.95918367346939,769
12.4081632653061,2.95918367346939,770
12.4081632653061,2.95918367346939,771
12.4081632653061,2.95918367346939,772
12.4081632653061,2.95918367346939,773
12.4081632653061,2.95918367346939,774
12,2.92452830188679,775
12.5,2.91666666666667,776
12.5,2.91666666666667,777
12.4081632653061,2.95918367346939,778
12,2.92452830188679,779
11.5918367346939,2.95918367346939,780
11.5918367346939,2.95918367346939,781
11.5918367346939,2.95918367346939,782
11.5918367346939,2.95918367346939,783
11.5918367346939,2.95918367346939,784
11.5918367346939,2.95918367346939,785
11.5918367346939,2.95918367346939,786
11.5918367346939,2.95918367346939,787
11.5918367346939,2.95918367346939,788
11.5918367346939,2.95918367346939,789
11.5918367346939,2.95918367346939,790
11.5918367346939,2.95918367346939,791
11.5918367346939,2.95918367346939,792
11.5918367346939,2.95918367346939,793
11.5918367346939,2.95918367346939,794
11.5918367346939,2.95918367346939,795
11.5918367346939,2.95918367346939,796
11.5918367346939,2.95918367346939,797
11.5918367346939,2.95918367346939,798
11.5918367346939,2.95918367346939,799
11.5918367346939,2.95918367346939,800
11.5918367346939,2.95918367346939,801
11.5918367346939,2.95918367346939,802
11.5918367346939,2.95918367346939,803
11.5918367346939,2.95918367346939,804
11.5918367346939,2.95918367346939,805
11.5918367346939,2.95918367346939,806
11.5918367346939,2.95918367346939,807
11.5918367346939,2.95918367346939,808
11.5918367346939,2.95918367346939,809
11.5918367346939,2.95918367346939,810
11.5918367346939,2.95918367346939,811
11.5918367346939,2.95918367346939,812
11.5918367346939,2.95918367346939,813
11.5918367346939,2.95918367346939,814
11.5918367346939,2.95918367346939,815
11.5918367346939,2.95918367346939,816
11.5918367346939,2.95918367346939,817
11.5918367346939,2.95918367346939,818
11.5918367346939,2.95918367346939,819
11.5918367346939,2.95918367346939,820
11.5918367346939,2.95918367346939,821
11.5918367346939,2.95918367346939,822
11.5918367346939,2.95918367346939,823
11.5918367346939,2.95918367346939,824
11.5918367346939,2.95918367346939,825
11.5918367346939,2.95918367346939,826
11.5918367346939,2.95918367346939,827
11.5918367346939,2.95918367346939,828
11.5918367346939,2.95918367346939,829
11.5918367346939,2.95918367346939,830
11.5918367346939,2.95918367346939,831
11.5918367346939,2.95918367346939,832
11.5918367346939,2.95918367346939,833
11.5918367346939,2.95918367346939,834
11.5918367346939,2.95918367346939,835
11.5918367346939,2.95918367346939,836
11.5918367346939,2.95918367346939,837
11.5918367346939,2.95918367346939,838
11.5918367346939,2.95918367346939,839
11.5918367346939,2.95918367346939,840
11.5918367346939,2.95918367346939,841
11.5918367346939,2.95918367346939,842
11.5918367346939,2.95918367346939,843
11.5918367346939,2.95918367346939,844
11.5918367346939,2.95918367346939,845
11.5918367346939,2.95918367346939,846
11.5,3,847
11.9090909090909,2.95454545454545,848
11.9090909090909,2.95454545454545,849
11.9090909090909,2.95454545454545,850
11.5,3,851
11.9090909090909,2.95454545454545,852
11.9090909090909,2.95454545454545,853
11.9090909090909,2.95454545454545,854
11.9090909090909,2.95454545454545,855
11.9090909090909,2.95454545454545,856
11.5,3,857
11.9090909090909,2.95454545454545,858
11.9090909090909,2.95454545454545,859
11.9090909090909,2.95454545454545,860
11.5,3,861
11.9090909090909,2.95454545454545,862
11.9090909090909,2.95454545454545,863
11.9090909090909,2.95454545454545,864
11.9090909090909,2.95454545454545,865
11.9090909090909,2.95454545454545,866
11.9090909090909,2.95454545454545,867
11.9090909090909,2.95454545454545,868
11.9090909090909,2.95454545454545,869
11.9090909090909,2.95454545454545,870
11.9090909090909,2.95454545454545,871
11.9090909090909,2.95454545454545,872
11.9090909090909,2.95454545454545,873
11.9090909090909,2.95454545454545,874
11.9090909090909,2.95454545454545,875
11.9090909090909,2.95454545454545,876
11.9090909090909,2.95454545454545,877
11.4081632653061,2.95918367346939,878
11.9090909090909,2.95454545454545,879
11.9090909090909,2.95454545454545,880
14.1,3.3,881
14,3.5,882
18.0588235294118,3.35294117647059,883
18.5,7,884
18.9545454545455,7.06818181818182,885
17.0208333333333,6.52083333333333,886
11.4324324324324,2.83783783783784,887
11.9117647058824,2.94117647058824,888
11.8484848484848,2.87878787878788,889
19,3,890
8.86538461538461,3.40384615384615,891
13.5454545454545,26.4545454545455,892
7.11111111111111,9,893
7.5,9,894
6.7,8.2,895
5,5.09090909090909,896
5.05882352941176,5.52941176470588,897
4.5,4,898
4.42857142857143,3.42857142857143,899
18.4102564102564,2.94871794871795,900
18.4285714285714,3.42857142857143,901
13.4137931034483,2.93103448275862,902
14.9245283018868,15.5471698113208,903
14.0178571428571,5.94642857142857,904
14,5.5,905
13.0714285714286,5.96428571428571,906
5,7,907
8.35294117647059,11.8235294117647,908
9.47169811320755,31.5660377358491,909
11.2448979591837,4.73469387755102,910
12.1774193548387,4.58064516129032,911
13.875,3.375,912
13.1,3.3,913
9.15151515151515,2.87878787878788,914
9.58620689655172,2.93103448275862,915
9.58620689655172,2.93103448275862,916
9.5,3,917
9.15151515151515,2.87878787878788,918
9.15151515151515,2.87878787878788,919
9.15151515151515,2.87878787878788,920
9.15151515151515,2.87878787878788,921
9.15151515151515,2.87878787878788,922
9.15151515151515,2.87878787878788,923
9.15151515151515,2.87878787878788,924
9.15151515151515,2.87878787878788,925
9.15151515151515,2.87878787878788,926
9.15151515151515,2.87878787878788,927
9.15151515151515,2.87878787878788,928
9.08823529411765,2.94117647058824,929
9.15151515151515,2.87878787878788,930
9.15151515151515,2.87878787878788,931
9.15151515151515,2.87878787878788,932
9.15151515151515,2.87878787878788,933
9.15151515151515,2.87878787878788,934
9.15151515151515,2.87878787878788,935
9.15151515151515,2.87878787878788,936
9.15151515151515,2.87878787878788,937
9.15151515151515,2.87878787878788,938
9.15151515151515,2.87878787878788,939
9.15151515151515,2.87878787878788,940
9.15151515151515,2.87878787878788,941
9.15151515151515,2.87878787878788,942
9.15151515151515,2.87878787878788,943
9.15151515151515,2.87878787878788,944
9.15151515151515,2.87878787878788,945
9.15151515151515,2.87878787878788,946
9.15151515151515,2.87878787878788,947
9.15151515151515,2.87878787878788,948
9.15151515151515,2.87878787878788,949
9.15151515151515,2.87878787878788,950
9.15151515151515,2.87878787878788,951
9.08823529411765,2.94117647058824,952
9.08823529411765,2.94117647058824,953
9.08823529411765,2.94117647058824,954
9.08823529411765,2.94117647058824,955
9.08823529411765,2.94117647058824,956
9.08823529411765,2.94117647058824,957
9.08823529411765,2.94117647058824,958
9.08823529411765,2.94117647058824,959
9.08823529411765,2.94117647058824,960
9.08823529411765,2.94117647058824,961
