x,y,t
4.4390243902439,4.92682926829268,1
4.625,7.125,2
20.5,5.5,3
21,5,4
19.2,3.3,5
12.5,4,6
15.4347826086957,3.15217391304348,7
17.9411764705882,3.54901960784314,8
13.5,2.5,9
5.88888888888889,2.44444444444444,10
16.2040816326531,2.75510204081633,11
17.9117647058824,2.94117647058824,12
16.9117647058824,2.94117647058824,13
7.5,2.5,14
8,2,15
6,11.5,16
3.33333333333333,28.6666666666667,17
19.3636363636364,15.6363636363636,18
19.3636363636364,15.6363636363636,19
18,3.5,20
17.5714285714286,3.42857142857143,21
18,3.5,22
18.4137931034483,2.93103448275862,23
18,3,24
18.3529411764706,3.38235294117647,25
18,3.5,26
18,3.5,27
18.5609756097561,3.92682926829268,28
18.6666666666667,4.33333333333333,29
18,3,30
20.5,3,31
20,5,32
9.5,2.5,33
6.88888888888889,2.44444444444444,34
20,3,35
8.5,2.5,36
9.77777777777778,2.77777777777778,37
10.9090909090909,2.95454545454545,38
15.6333333333333,3.93333333333333,39
6.5,2.5,40
7,3,41
8,2.5,42
19.5862068965517,2.93103448275862,43
16.2142857142857,2.85714285714286,44
17,2.5,45
19.4102564102564,2.94871794871795,46
11,2.5,47
10.5,2.89473684210526,48
16.2439024390244,2.80487804878049,49
18,2.5,50
18.8448275862069,7.68965517241379,51
20.7272727272727,5.72727272727273,52
21,5,53
14.2777777777778,3.24074074074074,54
14.9183673469388,3.46938775510204,55
14.74,3.32,56
16.5,2.5,57
16.1836734693878,3.26530612244898,58
16.26,3.32,59
7.11111111111111,2.44444444444444,60
20.2051282051282,3.33333333333333,61
12,2.5,62
18.6304347826087,3.95652173913043,63
19.8139534883721,3.25581395348837,64
18.5,3,65
16.6666666666667,2.77777777777778,66
17.5,2.5,67
18,12.5,68
19.5254237288136,9.06779661016949,69
18.8163265306122,3.26530612244898,70
6.5,2.5,71
16.5555555555556,3.44444444444444,72
16.5918367346939,2.95918367346939,73
11,2.5,74
19.5,4,75
10.5,2.5,76
12.6153846153846,2.46153846153846,77
12.5,2.5,78
12.5,2.5,79
12,2.5,80
12.5,2.5,81
12.5,2.5,82
12,2.5,83
13,2.5,84
13.8780487804878,2.80487804878049,85
13,2.5,86
9.7,2.8,87
11.2307692307692,2.88461538461538,88
19.1515151515152,2.87878787878788,89
7.77358490566038,3.86792452830189,90
16.7111111111111,3.35555555555556,91
11.5,2.5,92
17.9117647058824,2.94117647058824,93
18,2.5,94
16.5,2.5,95
16.6666666666667,2.77777777777778,96
16.5,2.5,97
10.18,2.8,98
19.6578947368421,2.89473684210526,99
19.5,3,100
16.7826086956522,3.32608695652174,101
4.45762711864407,5.42372881355932,102
20.25,12.75,103
17.2586206896552,4.24137931034483,104
18,2.5,105
13,2.5,106
12.5,2.5,107
12,2.5,108
13,2.5,109
11.6153846153846,2.46153846153846,110
17.5714285714286,3.42857142857143,111
12.0769230769231,2.88461538461538,112
17.5,2.5,113
7,2,114
20,5.5,115
7,2.5,116
17,3,117
9.11428571428571,2.45714285714286,118
19.5862068965517,2.93103448275862,119
13.016393442623,22.1475409836066,120
16.8,3.3,121
16.4081632653061,2.95918367346939,122
16.3333333333333,2.91666666666667,123
16.4081632653061,2.95918367346939,124
15.9230769230769,2.88461538461538,125
16,2.92452830188679,126
16,2.92452830188679,127
15.82,2.8,128
14.9074074074074,2.96296296296296,129
14.7254901960784,2.84313725490196,130
14.7254901960784,2.84313725490196,131
14.7254901960784,2.84313725490196,132
14.7254901960784,2.84313725490196,133
14.7254901960784,2.84313725490196,134
14.7254901960784,2.84313725490196,135
14.7254901960784,2.84313725490196,136
12,2.5,137
18,2.87878787878788,138
17.5862068965517,2.93103448275862,139
17.5862068965517,2.93103448275862,140
17.5862068965517,2.93103448275862,141
17.5862068965517,2.93103448275862,142
17.5862068965517,2.93103448275862,143
17.5862068965517,2.93103448275862,144
17.5862068965517,2.93103448275862,145
17.5862068965517,2.93103448275862,146
17.1515151515152,2.87878787878788,147
17.5675675675676,2.83783783783784,148
17.0882352941176,2.94117647058824,149
17.0882352941176,2.94117647058824,150
17.0882352941176,2.94117647058824,151
17.0882352941176,2.94117647058824,152
17.0882352941176,2.94117647058824,153
17.1515151515152,2.87878787878788,154
17.1515151515152,2.87878787878788,155
17.1515151515152,2.87878787878788,156
17.1515151515152,2.87878787878788,157
17.1515151515152,2.87878787878788,158
7.5,2,159
12.5,2.5,160
15.5918367346939,2.95918367346939,161
15,2.5,162
21,4,163
18.6666666666667,2.91666666666667,164
8.5,2.5,165
19.5,11,166
17.9285714285714,2.85714285714286,167
17.8780487804878,2.80487804878049,168
18.1860465116279,3.25581395348837,169
8.27272727272727,2.36363636363636,170
16.18,2.8,171
11.8163265306122,3.36734693877551,172
12,3,173
11.9591836734694,3.44897959183673,174
11.3928571428571,3.32142857142857,175
11.9183673469388,3.46938775510204,176
11.74,3.32,177
11.875,3.41666666666667,178
11.9183673469388,3.46938775510204,179
12.2888888888889,3.35555555555556,180
11.86,3.32,181
11.9583333333333,3.52083333333333,182
11.86,3.32,183
11.74,3.32,184
12.4081632653061,2.95918367346939,185
13.5744680851064,3.4468085106383,186
13.5897435897436,2.94871794871795,187
9.21428571428571,2.42857142857143,188
16,3,189
11.0925925925926,2.96296296296296,190
12.5,2.5,191
13.1372549019608,2.84313725490196,192
18,2.5,193
18,2.5,194
18,2.5,195
18,2.5,196
18,2.5,197
18,2.5,198
18.5,2.5,199
18.7027027027027,2.83783783783784,200
18.7027027027027,2.83783783783784,201
11.3,2.8,202
18.3695652173913,2.82608695652174,203
16.5,2.5,204
13.5,2.5,205
8.40816326530612,2.95918367346939,206
15.7608695652174,2.82608695652174,207
13.1475409836066,3.37704918032787,208
16.5,2.5,209
7,2.90697674418605,210
18,2.90697674418605,211
9.90909090909091,2.95454545454545,212
15.5,2.5,213
NaN,NaN,214
14,2.5,215
14,2.5,216
7.38461538461539,2.46153846153846,217
17.5675675675676,2.83783783783784,218
4.5,3,219
6.39130434782609,2.43478260869565,220
17.4418604651163,6.46511627906977,221
20.2051282051282,3.33333333333333,222
20.1315789473684,3.39473684210526,223
20.2631578947368,3.28947368421053,224
20.2631578947368,3.28947368421053,225
20.2631578947368,3.28947368421053,226
20.1515151515152,2.87878787878788,227
21,3,228
21,3,229
21,3,230
21,3,231
21,3,232
7,2.5,233
18,2.5,234
10.5,2.5,235
NaN,NaN,236
15.5,2.5,237
17,2.5,238
15.5,2.5,239
15.5,2.5,240
16,2.5,241
16,2.5,242
15.5,2.5,243
17,2.5,244
17,2.5,245
17,2.5,246
15.5,2.5,247
16,2.5,248
16,2.5,249
16,2.5,250
18,2.87878787878788,251
7.7,2.4,252
12.1020408163265,2.75510204081633,253
11,2.5,254
17.5862068965517,2.93103448275862,255
20.5,4.5,256
8.5,2.5,257
19,2.5,258
6.56410256410256,2.74358974358974,259
11.8604651162791,2.72093023255814,260
11.7727272727273,2.75,261
16.2439024390244,2.80487804878049,262
8.11111111111111,2.44444444444444,263
15.4081632653061,2.95918367346939,264
10.5,2.5,265
10.7222222222222,2.77777777777778,266
21,4.5,267
8.96610169491525,28.5423728813559,268
21,5,269
20.5714285714286,3.42857142857143,270
21,3.5,271
21,3.5,272
16.5,2.5,273
16.5,2.5,274
18,2.5,275
16.5,2.5,276
16.5,2.5,277
16.5,2.5,278
15.5,2.5,279
15.5,2.5,280
15.5,2.5,281
15.5,2.5,282
15.5,2.5,283
15.5,2.5,284
15.5,2.5,285
15.5,2.5,286
15.5,2.5,287
15.5,2.5,288
15.5,2.5,289
15.5,2.5,290
15.5,2.5,291
15.5,2.5,292
15.5,2.5,293
15.5,2.5,294
15.5,2.5,295
15.5,2.5,296
15.2222222222222,2.77777777777778,297
15.5,2.5,298
15.5,2.5,299
15.5,2.5,300
15.5,2.5,301
15.5,2.5,302
15.5,2.5,303
15.5,2.5,304
15.5,2.5,305
15.5,2.5,306
15.5,2.5,307
15.5,2.5,308
15.5,2.5,309
15.5,2.5,310
15.5,2.5,311
15.5,2.5,312
15.5,2.5,313
15.5,2.5,314
15.5,2.5,315
15.5,2.5,316
15.5,2.5,317
16.5714285714286,4.57142857142857,318
18.4545454545455,3.54545454545455,319
6.30769230769231,3.84615384615385,320
4.6,5.1,321
16.1818181818182,3.45454545454545,322
8,2.5,323
17.5,5.5,324
16.5,5,325
16.2978723404255,3.29787234042553,326
17.2166666666667,4.81666666666667,327
13,2.5,328
11.5,2.5,329
10.0491803278689,3.45901639344262,330
15.3928571428571,3.32142857142857,331
14,14.5,332
21,5,333
21,5,334
20.5490196078431,5.49019607843137,335
21,5,336
21,5,337
21,5,338
21,5,339
20.7,4.8,340
20.5531914893617,4.97872340425532,341
21,7,342
20.5,5,343
21,5.5,344
21.0689655172414,3.41379310344828,345
21,4.5,346
21,4.5,347
21,4,348
21,4,349
21.0512820512821,4.58974358974359,350
21.0588235294118,4.08823529411765,351
21,4.5,352
21,4,353
21.0588235294118,4.08823529411765,354
21,5,355
21,5.5,356
20.6969696969697,3.3030303030303,357
8,2.5,358
7.43243243243243,2.83783783783784,359
8,2.5,360
7.5,2.89473684210526,361
7.5,2.5,362
7.5,2.5,363
7.5,2.5,364
7.61290322580645,2.45161290322581,365
7.61290322580645,2.45161290322581,366
7.20588235294118,2.41176470588235,367
6.75862068965517,2.3448275862069,368
7.20588235294118,2.41176470588235,369
7.20588235294118,2.41176470588235,370
7.19230769230769,2.38461538461538,371
7.19230769230769,2.38461538461538,372
7.19230769230769,2.38461538461538,373
7.19230769230769,2.38461538461538,374
7.19230769230769,2.38461538461538,375
7.5,2,376
7.5,2,377
7.5,2,378
7.5,2,379
7.5,2,380
7.5,2,381
7.60869565217391,2.43478260869565,382
7.60869565217391,2.43478260869565,383
7.60869565217391,2.43478260869565,384
7.60869565217391,2.43478260869565,385
7.5,2,386
7.60869565217391,2.43478260869565,387
7.5,2,388
7.5,2,389
7.5,2,390
7.5,2,391
7.5,2,392
7.5,2,393
7.5,2,394
7.60869565217391,2.43478260869565,395
7.5,2,396
7.60869565217391,2.43478260869565,397
7.5,2,398
7.60869565217391,2.43478260869565,399
7.5,2,400
7.38709677419355,2.45161290322581,401
6.38709677419355,2.45161290322581,402
6.7,2.4,403
6.7,2.4,404
6.7,2.4,405
6.7,2.4,406
6.7,2.4,407
6.7,2.4,408
6.7,2.4,409
6.7,2.4,410
7.20588235294118,2.41176470588235,411
7.20588235294118,2.41176470588235,412
7.20588235294118,2.41176470588235,413
7.20588235294118,2.41176470588235,414
7.20588235294118,2.41176470588235,415
7.20588235294118,2.41176470588235,416
7.20588235294118,2.41176470588235,417
7.20588235294118,2.41176470588235,418
7.09090909090909,2.36363636363636,419
18.5918367346939,2.95918367346939,420
18,2.5,421
18.9117647058824,2.94117647058824,422
8.5,2,423
8.5,2,424
8.5,2,425
9,2,426
8.5,2,427
8.5,2,428
8.5,2,429
18,2.87878787878788,430
11.6153846153846,2.46153846153846,431
18.5897435897436,2.94871794871795,432
16,2.5,433
17,2.5,434
15.5,2.5,435
15.5,2.5,436
15.5,2.5,437
15.5,2.5,438
15.5,2.5,439
15.5,2.5,440
15.5,2.5,441
15.5,2.5,442
14.5,2.5,443
14.5,2.5,444
14.5,2.5,445
14.5,2.5,446
14.5,2.5,447
14.5,2.5,448
14.5,2.5,449
14.5,2.5,450
14.5,2.5,451
14.5,2.5,452
14.5,2.5,453
14.5,2.5,454
14.5,2.5,455
14.5,2.5,456
14.5,2.5,457
14.5,2.5,458
14.5,2.5,459
14.5,2.5,460
14.5,2.5,461
14.5,2.5,462
15,2.5,463
16.2745098039216,2.84313725490196,464
7,2.5,465
17,3,466
7,2.5,467
8.5,2.5,468
14.4102564102564,2.94871794871795,469
13.140625,3.421875,470
16.5833333333333,7.08333333333333,471
13,2.87878787878788,472
9,2.92452830188679,473
14.0909090909091,2.95454545454545,474
10.3170731707317,2.82926829268293,475
14,3,476
18.5,3,477
19.6744186046512,3.34883720930233,478
11.5,2.5,479
11.1372549019608,2.84313725490196,480
13,2.87878787878788,481
19.3125,6.1875,482
17.6491228070175,4.91228070175439,483
4.5,3,484
18.7608695652174,2.82608695652174,485
14,2.5,486
NaN,NaN,487
14.5,2.5,488
12.5,2.5,489
19,2.5,490
10.5,3,491
16.5,2.5,492
6.5,2,493
16.2307692307692,2.88461538461538,494
19.1515151515152,2.87878787878788,495
19.3260869565217,3.23913043478261,496
15.5,2.5,497
19.0769230769231,3.98076923076923,498
18,2.5,499
9.5,2.5,500
12.5593220338983,3.88135593220339,501
5.88888888888889,2.44444444444444,502
15,2.5,503
5.88888888888889,4.11111111111111,504
6.3,2.4,505
13.5,2.5,506
18.5,2.5,507
13.5,2.5,508
16.5,2.5,509
12.9285714285714,2.85714285714286,510
12.5,2.5,511
13.5,2.5,512
13,2.5,513
12.5,2.5,514
14.5,2.5,515
13.5,2.5,516
13.5,2.5,517
13,2.5,518
12.5,2.5,519
13,2.87878787878788,520
13,2.87878787878788,521
12.5,2.5,522
13,2.87878787878788,523
13,2.87878787878788,524
13,2.5,525
12,2.5,526
11.5,2.89473684210526,527
11.1142857142857,2.45714285714286,528
18.3421052631579,2.89473684210526,529
14,2.5,530
19,2.5,531
16.9117647058824,2.94117647058824,532
7.75862068965517,2.3448275862069,533
18.4137931034483,2.93103448275862,534
8.5,2.5,535
19.2972972972973,2.83783783783784,536
13,2.5,537
13.5,2.5,538
13.5,2.5,539
13.5,2.5,540
13.4324324324324,2.83783783783784,541
12.5,3,542
11.8484848484848,2.87878787878788,543
12,2.5,544
11.8484848484848,2.87878787878788,545
12,2.5,546
12.0882352941176,2.94117647058824,547
17.5,2.5,548
7.5,2,549
9.11428571428571,2.45714285714286,550
18.7234042553191,2.87234042553191,551
18.0909090909091,2.95454545454545,552
13,2.5,553
15.5,2.5,554
15.5,2.5,555
15,2.5,556
15,2.5,557
15.5,2.5,558
15,2.5,559
15.5,2.5,560
15,2.5,561
15.2439024390244,2.80487804878049,562
15,2.5,563
15.6666666666667,2.77777777777778,564
15.6666666666667,2.77777777777778,565
15.6666666666667,2.77777777777778,566
15.2439024390244,2.80487804878049,567
15.6304347826087,2.82608695652174,568
15.6666666666667,2.77777777777778,569
15.6304347826087,2.82608695652174,570
15.2142857142857,2.85714285714286,571
15.2142857142857,2.85714285714286,572
15.2142857142857,2.85714285714286,573
15.2142857142857,2.85714285714286,574
15.2142857142857,2.85714285714286,575
15.5675675675676,2.83783783783784,576
15.5675675675676,2.83783783783784,577
15.6578947368421,2.89473684210526,578
15.5675675675676,2.83783783783784,579
15.2142857142857,2.85714285714286,580
15.1219512195122,2.80487804878049,581
15.1219512195122,2.80487804878049,582
15.2142857142857,2.85714285714286,583
19,3,584
19,2.87878787878788,585
17.5,2.89473684210526,586
17.8372093023256,2.90697674418605,587
17.6666666666667,2.91666666666667,588
20.5714285714286,3.42857142857143,589
8.5,2.5,590
8.5,2.5,591
18,2.5,592
12.5,2.91666666666667,593
18.9117647058824,2.94117647058824,594
11,2.5,595
7,3,596
14.2765957446809,2.87234042553191,597
19.2142857142857,2.85714285714286,598
18,2.5,599
18,2.5,600
18,2.5,601
18,2.5,602
18.4324324324324,2.83783783783784,603
11.7837837837838,2.37837837837838,604
13.3275862068966,3.18965517241379,605
8,2,606
10.1142857142857,2.45714285714286,607
14.7560975609756,2.80487804878049,608
18.5,5.95588235294118,609
5.5,2,610
13,2.87878787878788,611
13,2.87878787878788,612
13.4137931034483,2.93103448275862,613
13.5714285714286,3.42857142857143,614
14,3.5,615
13.6363636363636,3.40909090909091,616
13.5813953488372,3.46511627906977,617
13.1315789473684,3.39473684210526,618
13.1315789473684,3.39473684210526,619
13.2051282051282,3.33333333333333,620
13.2051282051282,3.33333333333333,621
13.5813953488372,3.46511627906977,622
12.5675675675676,2.83783783783784,623
11.8139534883721,3.25581395348837,624
12.2972972972973,2.83783783783784,625
13.4137931034483,2.93103448275862,626
18.4324324324324,2.83783783783784,627
7.5,2.5,628
14.7560975609756,2.80487804878049,629
19.1515151515152,2.87878787878788,630
20.1515151515152,2.87878787878788,631
18,2.5,632
16.6304347826087,2.82608695652174,633
16.5,2.5,634
16.5675675675676,2.83783783783784,635
16.6578947368421,2.89473684210526,636
16.5675675675676,2.83783783783784,637
16.5675675675676,2.83783783783784,638
16.6578947368421,2.89473684210526,639
16.5675675675676,2.83783783783784,640
17.0714285714286,2.85714285714286,641
17.0714285714286,2.85714285714286,642
17.0714285714286,2.85714285714286,643
16.6578947368421,2.89473684210526,644
16.5675675675676,2.83783783783784,645
17.5744680851064,2.87234042553191,646
11.2857142857143,2.77551020408163,647
9,2,648
18,2.5,649
18,2.5,650
18,2.5,651
18,2.5,652
18,2.5,653
18,2.5,654
18,2.5,655
18,2.5,656
18,2.5,657
18,2.5,658
18,2.5,659
17.5862068965517,2.93103448275862,660
17.5862068965517,2.93103448275862,661
17.5862068965517,2.93103448275862,662
18,2.87878787878788,663
18,2.87878787878788,664
18,2.87878787878788,665
18,2.5,666
18,2.87878787878788,667
17.5,2.5,668
17.5,2.5,669
17.5,2.5,670
17.5,2.5,671
17.5,2.5,672
18,2.5,673
17.5,2.5,674
16.2142857142857,2.85714285714286,675
18.5,2.5,676
16.5,2.5,677
19.5862068965517,2.93103448275862,678
10.5,2.5,679
17,2.5,680
12,2.5,681
17.5,2.5,682
6.80769230769231,2.38461538461538,683
19.2083333333333,3.3125,684
9.19230769230769,2.38461538461538,685
20.6470588235294,7.17647058823529,686
11.5,2.5,687
13,2.5,688
14,2.5,689
14,2.5,690
14,2.5,691
14,2.5,692
14,2.5,693
14,2.5,694
15,2.5,695
18,2.5,696
16,2.5,697
16,2.5,698
16,2.5,699
16,2.5,700
16,2.5,701
16,2.5,702
16,2.5,703
16,2.5,704
16,2.5,705
16,2.5,706
16,2.5,707
16,2.5,708
16,2.5,709
16,2.5,710
16,2.5,711
15.5,2.5,712
15.5,2.5,713
15.5,2.5,714
15.5,2.5,715
15,2.5,716
15.5,2.5,717
15.5,2.5,718
15.5,2.5,719
15.5,2.5,720
15.5,2.5,721
15,2.5,722
15.5,2.5,723
15.5,2.5,724
15,2.5,725
15,2.5,726
15.5,2.5,727
13.5,2.5,728
17.4102564102564,2.94871794871795,729
12.5675675675676,2.83783783783784,730
8.11428571428571,2.45714285714286,731
7.88888888888889,2.44444444444444,732
7.88888888888889,2.44444444444444,733
8,2.5,734
8,2.5,735
8,2.5,736
8,2.5,737
8,2.5,738
8.5,2.5,739
9,2.5,740
9,2.5,741
9,2.5,742
9,2.5,743
8.5,2.5,744
15,2.5,745
16.5,2.5,746
7.5,2,747
11.3170731707317,2.82926829268293,748
11.6578947368421,2.89473684210526,749
12,2.5,750
11.3541666666667,3.22916666666667,751
7.61538461538461,2.46153846153846,752
18.0754716981132,6.09433962264151,753
14.5,2.5,754
20,5,755
7.19230769230769,2.38461538461538,756
15.5897435897436,2.94871794871795,757
13,2.5,758
6.5,2,759
18,2.5,760
18.8484848484848,2.87878787878788,761
9.7,2.4,762
18.5,4,763
17.5,2.5,764
18,2.5,765
18,2.5,766
18,2.5,767
13,2.5,768
11.6304347826087,2.82608695652174,769
14,2.5,770
9.22222222222222,2.77777777777778,771
20,10,772
11.9423076923077,3.17307692307692,773
9.4468085106383,3.21276595744681,774
5.5,2.5,775
7.67857142857143,2.89285714285714,776
12.5,2.5,777
16.1627906976744,2.90697674418605,778
15.7111111111111,3.35555555555556,779
15.5,3,780
9.11428571428571,2.45714285714286,781
9,2.5,782
9.5,2.5,783
9.5,2.5,784
9.5,2.5,785
9.5,2.5,786
9.5,2.5,787
9.60869565217391,2.43478260869565,788
9.5,2.5,789
9.5,2.5,790
9.5,2.5,791
9.5,2.5,792
9.11111111111111,2.44444444444444,793
16.2142857142857,2.85714285714286,794
16.2142857142857,2.85714285714286,795
16.2439024390244,2.80487804878049,796
16.2439024390244,2.80487804878049,797
16.2439024390244,2.80487804878049,798
17.1515151515152,2.87878787878788,799
16.2439024390244,2.80487804878049,800
16.2142857142857,2.85714285714286,801
16.2439024390244,2.80487804878049,802
16.2439024390244,2.80487804878049,803
16.2439024390244,2.80487804878049,804
16.2142857142857,2.85714285714286,805
16.2142857142857,2.85714285714286,806
16.2439024390244,2.80487804878049,807
17.0882352941176,2.94117647058824,808
17,2.5,809
14.5,2.5,810
14,2.5,811
14,2.5,812
14,2.5,813
14,2.5,814
14,2.5,815
14,2.5,816
14,2.5,817
14.5,2.5,818
14,2.5,819
14,2.5,820
14,2.5,821
14,2.5,822
14,2.5,823
14,2.5,824
14.5,2.5,825
14,2.5,826
14,2.5,827
14,2.5,828
14,2.5,829
14,2.5,830
14,2.5,831
13.5,2.5,832
12.5,2.5,833
19.1224489795918,3.3469387755102,834
13,2.5,835
15,2.5,836
15,2.5,837
15,2.5,838
15,2.5,839
15,2.5,840
13.5,2.5,841
15,2.5,842
15,2.5,843
15,2.5,844
15,2.5,845
15,2.5,846
15,2.5,847
15,2.5,848
15.5,2.5,849
15.5,2.5,850
16,2.5,851
15,2.5,852
9.5,2.5,853
16.5,2.5,854
18,2.5,855
18,2.5,856
18,2.5,857
18,2.5,858
18,2.5,859
18,2.5,860
18,2.5,861
11.6666666666667,2.77777777777778,862
18.7027027027027,2.83783783783784,863
17.5714285714286,3.42857142857143,864
20,6,865
7.75862068965517,2.3448275862069,866
9.7,2.4,867
16,2.5,868
6.08823529411765,2.94117647058824,869
19.7027027027027,2.83783783783784,870
17.5,2.89473684210526,871
14.5,2.5,872
15.5,2.5,873
17.5,2.5,874
15.5,2.5,875
15.5,2.5,876
15.5,2.5,877
15.5,2.5,878
15.5,2.5,879
15.5,2.5,880
15.5,2.5,881
15.5,2.5,882
17.5,2.5,883
17.5,2.5,884
15.5,2.5,885
15.5,2.5,886
15.5,2.5,887
15.5,2.5,888
15.5,2.5,889
15.5,2.5,890
15.5,2.5,891
15.5,2.5,892
15.5,2.5,893
15.5,2.5,894
15.5,2.5,895
15.5,2.5,896
15.6666666666667,2.77777777777778,897
15.6666666666667,2.77777777777778,898
15.6666666666667,2.77777777777778,899
15.6666666666667,2.77777777777778,900
15.6666666666667,2.77777777777778,901
15.5,2.5,902
15.5,2.5,903
11.1372549019608,2.84313725490196,904
18,2.5,905
8.23913043478261,2.82608695652174,906
19.0909090909091,2.95454545454545,907
6.5,2,908
12.3125,3.75,909
7.61538461538461,2.46153846153846,910
13,2.5,911
18,2.5,912
5.12962962962963,6.14814814814815,913
13.4745762711864,4.05084745762712,914
14.2222222222222,3.77777777777778,915
14.5,6.5,916
19.1,14.6,917
16.1666666666667,3.25,918
13.4528301886792,4.92452830188679,919
17.4259259259259,3.40740740740741,920
12,2.5,921
11,2.5,922
11,2.5,923
11,2.5,924
8,2,925
10.3125,2.3125,926
8,2,927
8,2,928
10.6153846153846,2.46153846153846,929
10.1142857142857,2.45714285714286,930
8,2,931
8,2,932
10.8333333333333,2.33333333333333,933
10.8333333333333,2.33333333333333,934
10.8333333333333,2.33333333333333,935
10.3125,2.3125,936
10.6153846153846,2.46153846153846,937
10.6153846153846,2.46153846153846,938
10.6153846153846,2.46153846153846,939
9,2.5,940
10.8571428571429,2.28571428571429,941
10.8571428571429,2.28571428571429,942
8.5,2,943
10.8571428571429,2.28571428571429,944
10.8571428571429,2.28571428571429,945
8.5,2,946
10.1142857142857,2.45714285714286,947
9.61290322580645,2.45161290322581,948
10.1142857142857,2.45714285714286,949
10.1142857142857,2.45714285714286,950
9.61290322580645,2.45161290322581,951
9.61290322580645,2.45161290322581,952
10.1142857142857,2.45714285714286,953
10.1142857142857,2.45714285714286,954
10.6153846153846,2.46153846153846,955
16.5,2.5,956
17.1515151515152,2.87878787878788,957
17.1515151515152,2.87878787878788,958
17.5862068965517,2.93103448275862,959
17.5862068965517,2.93103448275862,960
17.5862068965517,2.93103448275862,961
