x,y,t
9.53488372093023,3.44186046511628,1
8,3,2
7,2.5,3
17.5,3,4
6.5,2.5,5
NaN,NaN,6
8,3,7
NaN,NaN,8
NaN,NaN,9
NaN,NaN,10
21.5,3,11
12,3,12
11,3,13
11.4102564102564,2.94871794871795,14
NaN,NaN,15
20,10.5,16
13.7608695652174,2.82608695652174,17
12.5,3.5,18
NaN,NaN,19
16,4,20
18.5348837209302,3.44186046511628,21
19,3.5,22
NaN,NaN,23
11.0882352941176,2.94117647058824,24
NaN,NaN,25
19,3.5,26
NaN,NaN,27
6.58620689655172,2.93103448275862,28
19,3,29
11,3,30
10,5.5,31
20.5,12.5,32
21,3.5,33
21,3.5,34
10,3,35
17,3,36
14.6666666666667,3.33333333333333,37
15.5,3,38
18.5,3,39
12,3,40
18.5,3,41
NaN,NaN,42
9.85106382978723,3.36170212765957,43
11.5,5,44
16.4285714285714,3.42857142857143,45
20,8.5,46
18.1346153846154,8.11538461538461,47
19.5,9,48
17.875,3.375,49
17.5,3.5,50
17.5,3.5,51
20.4444444444444,3.66666666666667,52
11.4285714285714,3.42857142857143,53
10.5,2.5,54
16,3,55
11.5,3,56
16.5,3.5,57
18.5357142857143,4.01785714285714,58
6.58620689655172,2.93103448275862,59
19.4255319148936,3.4468085106383,60
17,4.5,61
19.4358974358974,5.94871794871795,62
20.125,3.625,63
16.4285714285714,3.42857142857143,64
16.4285714285714,3.42857142857143,65
6,2.5,66
10,3,67
NaN,NaN,68
NaN,NaN,69
11,3,70
17,4,71
5,2.5,72
20,3,73
NaN,NaN,74
6.5,2.5,75
11,3,76
18,3,77
11,3,78
11,3,79
17.5,3,80
18,3,81
7.58620689655172,2.93103448275862,82
15,3,83
6.5,2.5,84
13.5918367346939,2.95918367346939,85
NaN,NaN,86
13.2972972972973,2.83783783783784,87
NaN,NaN,88
6.5,2.5,89
17.5,3,90
6.58620689655172,2.93103448275862,91
7.5,2.5,92
6.5,2.5,93
21.5,3,94
18,4.5,95
11.5,3,96
21.3863636363636,4.59090909090909,97
12,3,98
12,3,99
18.5918367346939,4.3469387755102,100
NaN,NaN,101
10.5714285714286,3.42857142857143,102
19,3.5,103
11,3,104
11,4,105
11,4,106
10.4137931034483,2.93103448275862,107
20,3,108
7.41379310344828,2.93103448275862,109
10.5,4,110
17.5,3.5,111
16.9487179487179,3.43589743589744,112
NaN,NaN,113
16.5,3,114
18.1,3.6,115
NaN,NaN,116
NaN,NaN,117
4.5,7.5,118
8.33333333333333,3.33333333333333,119
13.5,10,120
21,4.5,121
14,3,122
6.5,2.5,123
15,3,124
19.5,3.5,125
NaN,NaN,126
NaN,NaN,127
7.58620689655172,2.93103448275862,128
NaN,NaN,129
6.5,4,130
7,3.5,131
12.0408163265306,3.89795918367347,132
7,3,133
7,3,134
17,3,135
20.5,5.5,136
8,8.5,137
21,4,138
17,3,139
NaN,NaN,140
11,3,141
11,3,142
10.5,3.5,143
13.5,4,144
10.5,3,145
18.5,3,146
NaN,NaN,147
11,3,148
10.5897435897436,2.94871794871795,149
6.5,2.5,150
11,3,151
7,3,152
7.5,3,153
11.8372093023256,2.90697674418605,154
NaN,NaN,155
6.5,2.5,156
18.4102564102564,2.94871794871795,157
NaN,NaN,158
NaN,NaN,159
NaN,NaN,160
16,3,161
15.4347826086957,3.89130434782609,162
10,3,163
21.5,3,164
19.5,3,165
NaN,NaN,166
18.5,3,167
11,8.5,168
4.57142857142857,4.57142857142857,169
11,2.5,170
11.5641025641026,4.05128205128205,171
10.5,4,172
NaN,NaN,173
NaN,NaN,174
17,3,175
15.5714285714286,3.42857142857143,176
6.6530612244898,5.12244897959184,177
NaN,NaN,178
12,5,179
20.5714285714286,7.42857142857143,180
17,6.5,181
15,3,182
19.8125,4.3125,183
7,3,184
15,3,185
17.4651162790698,3.44186046511628,186
15,3,187
7.5,3,188
10.4137931034483,2.93103448275862,189
19,3,190
7,4,191
18.5,8,192
18.0909090909091,2.95454545454545,193
12,5,194
16.5,3,195
17.5,3,196
11.0512820512821,3.56410256410256,197
6.65789473684211,2.89473684210526,198
6.5,2.5,199
5,2.5,200
14.9090909090909,2.95454545454545,201
19.9090909090909,2.95454545454545,202
18.5,3,203
21.5,3,204
16,3,205
NaN,NaN,206
NaN,NaN,207
7,3,208
14.5,3,209
5.5,2.5,210
10,4,211
9.04255319148936,22.5531914893617,212
5.35294117647059,28.6176470588235,213
5,14,214
6.60416666666667,7.0625,215
8.5,5.5,216
NaN,NaN,217
NaN,NaN,218
NaN,NaN,219
NaN,NaN,220
NaN,NaN,221
15,3,222
NaN,NaN,223
NaN,NaN,224
NaN,NaN,225
NaN,NaN,226
14,5,227
NaN,NaN,228
12,5,229
12,5,230
12,5,231
12,5,232
10,3,233
NaN,NaN,234
21.5714285714286,3.42857142857143,235
8.7027027027027,2.83783783783784,236
18,3,237
4,6.5,238
7.86111111111111,3.41666666666667,239
16,3,240
NaN,NaN,241
16,3,242
10,3.5,243
11.9761904761905,4.09523809523809,244
10,3,245
16.5,3,246
5,2,247
6.15151515151515,2.87878787878788,248
8.39024390243902,3.48780487804878,249
4,2.5,250
NaN,NaN,251
21.5,8,252
17,9,253
10.5531914893617,5.02127659574468,254
14.9375,3.39583333333333,255
8.2972972972973,2.83783783783784,256
7.84848484848485,2.87878787878788,257
12,3,258
5,2.5,259
7.5,15,260
16,6,261
16,6.5,262
21.5,6,263
20.5,3,264
NaN,NaN,265
16.9487179487179,3.43589743589744,266
16,3,267
16.4285714285714,3.42857142857143,268
16.9,3.3,269
NaN,NaN,270
16.5,3,271
16.5744680851064,3.4468085106383,272
15.5,3,273
15,3,274
15.5,3,275
7,2.5,276
11.5,3,277
20,3,278
NaN,NaN,279
5.5,2.5,280
NaN,NaN,281
6.5,7.5,282
17.5769230769231,12.4038461538462,283
17.5833333333333,5.89583333333333,284
13.9591836734694,4.10204081632653,285
NaN,NaN,286
11,3,287
8.53488372093023,3.55813953488372,288
9,3,289
16,4,290
NaN,NaN,291
15.5,5.5,292
16.5,3,293
16.4285714285714,3.42857142857143,294
9.5,2.5,295
11.9285714285714,2.85714285714286,296
20,3,297
5.30769230769231,3.84615384615385,298
10.4324324324324,3.97297297297297,299
10.1666666666667,3.85714285714286,300
17.5,3,301
4,4.5,302
11.5,6,303
9.83018867924528,14.811320754717,304
6,28.5,305
8,15,306
8.4468085106383,12.9787234042553,307
11.5,4.5,308
12,4,309
11.3333333333333,4.33333333333333,310
11.3863636363636,4.40909090909091,311
11.5,4.5,312
11,6,313
11.5,4.5,314
11,6,315
12,4,316
11.8510638297872,4.36170212765957,317
10,4,318
12,3.5,319
11,3,320
12,3.5,321
11,3,322
11,3,323
12,3.5,324
11,3,325
11,3,326
10.5,3,327
10.5,3,328
11.0882352941176,2.94117647058824,329
10.5,3,330
10.5,3,331
11.0882352941176,2.94117647058824,332
10.5,3,333
10.5,3,334
10.5,3,335
10.5,3,336
10.5862068965517,2.93103448275862,337
10.5862068965517,2.93103448275862,338
11.0882352941176,2.94117647058824,339
10.5,3,340
11.0882352941176,2.94117647058824,341
10.5,3,342
11,3,343
10.5,3,344
10.5862068965517,2.93103448275862,345
11,3,346
10.5,3,347
10.5,3,348
11.0882352941176,2.94117647058824,349
11.0882352941176,2.94117647058824,350
10.5,3,351
19,3,352
16.5,3.5,353
15.4347826086957,3.89130434782609,354
16.5,3,355
15.5555555555556,3.55555555555556,356
16.5,3,357
16.5,3,358
15.5,3,359
17,3,360
19,3,361
4,8.5,362
9.33333333333333,7.66666666666667,363
17,17.5,364
16.8979591836735,10.0408163265306,365
17.6530612244898,5.87755102040816,366
10,3,367
9.21428571428571,2.85714285714286,368
NaN,NaN,369
6.7027027027027,2.83783783783784,370
16.5,3,371
17,9,372
18.9487179487179,11.5641025641026,373
21,9,374
20.5,4,375
17.8913043478261,4.43478260869565,376
17.5714285714286,3.42857142857143,377
17.5,3,378
NaN,NaN,379
NaN,NaN,380
NaN,NaN,381
NaN,NaN,382
6,2.5,383
20.5,4,384
6.3,11.8,385
4,26,386
5.5,21.5,387
13.1276595744681,12.3404255319149,388
18.3469387755102,6.12244897959184,389
18.5,6.5,390
19,7,391
19.1086956521739,5.56521739130435,392
9,2.5,393
14,3,394
16.0882352941176,2.94117647058824,395
4.5,2.5,396
NaN,NaN,397
15.5,20,398
15.1627906976744,2.90697674418605,399
14.0512820512821,3.56410256410256,400
15,3,401
15,3,402
13.5,3,403
13.0909090909091,2.95454545454545,404
13.0909090909091,2.95454545454545,405
11.5862068965517,2.93103448275862,406
13.0909090909091,2.95454545454545,407
11.5,3,408
7,2.5,409
11.0512820512821,3.43589743589744,410
11.0512820512821,3.43589743589744,411
16,3,412
15.5897435897436,2.94871794871795,413
NaN,NaN,414
18.4651162790698,6.55813953488372,415
18.5,10.5,416
19,12,417
16.4468085106383,26.0212765957447,418
18,14,419
18,14,420
17.5,14,421
17.5,14,422
17.5,6,423
17.6086956521739,10.6304347826087,424
21.5,9,425
7.93181818181818,14.0454545454545,426
17,27,427
NaN,NaN,428
8,29.5,429
NaN,NaN,430
16.5,28,431
17.5,29.5,432
NaN,NaN,433
NaN,NaN,434
7.42857142857143,10.5714285714286,435
7.42857142857143,10.5714285714286,436
7.42857142857143,10.5714285714286,437
7.5,10.5,438
8,11,439
5.94871794871795,8.56410256410256,440
7.42857142857143,9.57142857142857,441
7.42857142857143,9.57142857142857,442
7.42857142857143,9.57142857142857,443
7.42857142857143,9.57142857142857,444
7.42857142857143,9.57142857142857,445
7.5,10,446
7.42857142857143,9.57142857142857,447
7.42857142857143,9.57142857142857,448
7.42857142857143,9.57142857142857,449
7.42857142857143,9.57142857142857,450
7.42857142857143,9.57142857142857,451
7.42857142857143,9.57142857142857,452
6.5,9.5,453
6.5,9.5,454
6.5,9.5,455
6.5,9.5,456
6.5,9.5,457
6.5,9.5,458
6.5,9.5,459
6.5,9.5,460
6.5,9.5,461
6.43589743589744,9.05128205128205,462
6.43589743589744,9.05128205128205,463
6.43589743589744,9.05128205128205,464
6.5,9,465
6.43589743589744,9.05128205128205,466
6.57142857142857,9.42857142857143,467
4,4.5,468
5,5,469
5,5.5,470
5,5.5,471
5,5.5,472
5,5.5,473
5,5.5,474
5,5.5,475
5,5.5,476
5,6,477
5,5,478
5,5.5,479
5,5.5,480
5,5,481
5,5,482
5,4.5,483
5,5,484
5,4.5,485
5,5,486
4.5,5.5,487
5,4.5,488
5,5.5,489
5,4,490
5,4.5,491
5,4.5,492
5,4.5,493
5,4.5,494
5,4,495
5,4,496
5,4,497
5,4,498
5,4,499
5,4,500
5,4,501
5,4,502
5,4,503
5,4,504
5,4,505
5,4,506
5,4,507
5,4,508
5,4.5,509
5,4,510
5,4,511
5,4,512
5,4,513
5,4,514
5,4,515
5,4,516
5,2.5,517
5,4,518
5,4,519
5,4,520
5,4.5,521
5,4.5,522
5,4,523
5,4.5,524
5,4,525
5,4,526
5,4.5,527
5,4,528
5,4,529
5,4,530
5,4.5,531
5,4,532
5,4,533
5,4,534
5,4.5,535
5,4,536
5,4,537
5,4.5,538
5,4,539
5,4,540
5,3.5,541
5,4,542
5,4,543
5,4.5,544
5,5,545
5,5,546
NaN,NaN,547
5,5.5,548
5,5,549
5,5,550
5,4.5,551
5,5,552
5,5,553
5,5,554
5,5,555
5,5.5,556
5,4.5,557
5,5.5,558
5,5,559
5,5,560
5,5.5,561
5,5,562
5,5,563
5,4.5,564
5,5,565
5,5,566
5,5.5,567
5,5.5,568
5,5,569
5,5.5,570
5,5.5,571
5,5,572
5,5,573
5,5,574
5,5.5,575
5,5,576
5,5.5,577
5,5,578
5,5,579
5,5.5,580
5,5.5,581
5,5.5,582
5,5,583
5,5,584
5,5,585
5,5.5,586
5,5,587
5,4.5,588
5,5,589
5,5,590
5,5.5,591
5,5.5,592
5,5,593
5,5.5,594
5,4.5,595
5,5,596
5,5,597
5,5,598
5,5.5,599
5,5.5,600
4,3.5,601
4.56410256410256,5.05128205128205,602
4.56410256410256,5.05128205128205,603
4.56410256410256,5.05128205128205,604
4.56410256410256,5.05128205128205,605
4,4,606
5,2.5,607
4.61363636363636,6.59090909090909,608
16.4285714285714,3.42857142857143,609
14.6666666666667,4.66666666666667,610
16,3.5,611
16,3.5,612
16,3.5,613
16,3.5,614
16,3.5,615
14.5,4,616
16,3,617
4.5,11,618
6.55813953488372,5.53488372093023,619
NaN,NaN,620
16.5,3,621
17.5652173913043,3.89130434782609,622
17.5,3,623
5.5,2.5,624
19,3,625
18.5531914893617,4.97872340425532,626
4,8.5,627
4,8,628
6,9,629
4.5,6.5,630
18,7,631
6.5,5,632
12,5,633
NaN,NaN,634
11,3.5,635
6,2.5,636
4,2.5,637
17,16.5,638
3,16.5,639
4.5,8,640
5,8,641
7,3,642
17.5652173913043,3.89130434782609,643
17.5652173913043,3.89130434782609,644
17,3,645
18,3,646
15.5,3,647
15.5,3,648
15.5,3,649
15.5,3,650
15.5,3,651
14.906976744186,3.88372093023256,652
16,3,653
16,3.5,654
12,3,655
17.5,3,656
8.53488372093023,3.44186046511628,657
NaN,NaN,658
6.15151515151515,2.87878787878788,659
18,3,660
20.9487179487179,3.43589743589744,661
NaN,NaN,662
14.5348837209302,9.55813953488372,663
16.5,3,664
NaN,NaN,665
6.58620689655172,2.93103448275862,666
10,4.5,667
9,6,668
9.55813953488372,18.4651162790698,669
21.375,10.125,670
14,11,671
18.8837209302326,14.093023255814,672
16.5,12,673
4,3.5,674
13,8.5,675
14,5,676
7,4.5,677
9,3,678
6,2.5,679
15.5714285714286,3.42857142857143,680
9.15151515151515,2.87878787878788,681
14,3,682
14,3.5,683
NaN,NaN,684
20,3,685
11.5,3,686
13.725,3.325,687
12.5652173913043,3.89130434782609,688
19,13,689
19.3469387755102,23.1224489795918,690
16.9807692307692,11.0769230769231,691
17.5531914893617,4.97872340425532,692
13.7441860465116,3.81395348837209,693
6.15151515151515,2.87878787878788,694
11,3,695
16,3.5,696
NaN,NaN,697
17.5,3,698
NaN,NaN,699
5.5,16,700
6,13,701
4,10.5,702
4,8.5,703
4,12.5,704
4,13,705
18.5,6,706
16,9,707
15,8,708
15,8,709
15,8,710
15,8,711
NaN,NaN,712
15,7,713
14,5,714
14,6,715
14,6,716
15,7,717
15,7,718
NaN,NaN,719
14,5,720
15,7,721
13,5,722
13,5,723
13,5,724
13,5,725
15,7,726
14,6,727
NaN,NaN,728
15,7,729
14.5,6,730
14.5,6,731
14,6,732
15,7,733
15,7,734
14,6,735
15,7,736
14,6,737
15,7,738
15,7,739
15,7,740
13,5,741
14,6,742
13,5,743
15,7,744
15,7,745
14,5,746
6.5,2.5,747
7,5,748
7,5,749
7,5,750
5,2.5,751
21,3,752
17.5,3,753
16,3,754
20.4390243902439,3.92682926829268,755
NaN,NaN,756
10.5,3,757
10.5,3,758
10.5,3,759
5.60869565217391,2.43478260869565,760
17,3,761
8.4468085106383,8.04255319148936,762
19,5,763
15,18,764
14,13,765
4,12,766
8.05128205128205,9.56410256410256,767
9.56521739130435,11.8913043478261,768
20.906976744186,4.88372093023256,769
18.9487179487179,8.56410256410256,770
14.3469387755102,8.59183673469388,771
8.11538461538461,14.1346153846154,772
17,15.5,773
12,25.5,774
19,18.5,775
18,16.5,776
17.5,13,777
15,3,778
14.9487179487179,3.43589743589744,779
15.5,3,780
14.9487179487179,3.43589743589744,781
15.5,3,782
15.5,3,783
8.7027027027027,2.83783783783784,784
5.5,2.5,785
5.5,2.5,786
5.5,2.5,787
5.58620689655172,2.93103448275862,788
5,2.5,789
5.5,2.5,790
5.5,2.5,791
5.5,2.5,792
5.5,2.5,793
5.5,2.5,794
6.15151515151515,2.87878787878788,795
6.15151515151515,2.87878787878788,796
15,4,797
8.5,2.5,798
19.8484848484848,2.87878787878788,799
NaN,NaN,800
6.5,2.5,801
18.5,3,802
NaN,NaN,803
5,4.5,804
9.5,20,805
9.44186046511628,11.5348837209302,806
10,3,807
16,4,808
17,4.5,809
6.15151515151515,2.87878787878788,810
7,3,811
7,3,812
7,3,813
6.15151515151515,2.87878787878788,814
6,2.5,815
6,2.5,816
6,2.5,817
6,2.5,818
6,2.5,819
6.15151515151515,2.87878787878788,820
6.15151515151515,2.87878787878788,821
6.15151515151515,2.87878787878788,822
6,2.5,823
6,2.5,824
6,2.5,825
6.15151515151515,2.87878787878788,826
6,2.5,827
6,2.5,828
6,2.5,829
6,2.5,830
6,2.5,831
6,2.5,832
6,2.5,833
6.15151515151515,2.87878787878788,834
6,2.5,835
6.15151515151515,2.87878787878788,836
NaN,NaN,837
10,2.5,838
17,3,839
5,13.5,840
19.5714285714286,23.4285714285714,841
15.9574468085106,10.5531914893617,842
15,9.5,843
7.5,3,844
7,3,845
NaN,NaN,846
NaN,NaN,847
4,3.5,848
16.8723404255319,4.34042553191489,849
10,17.5,850
11,13.5,851
18.0909090909091,2.95454545454545,852
14.5,3,853
17.3255813953488,3.34883720930233,854
NaN,NaN,855
NaN,NaN,856
12.2439024390244,2.80487804878049,857
6,2.5,858
12.8,3.4,859
12.6923076923077,3.84615384615385,860
19.5,3.5,861
6.5,2.5,862
21.5,2.5,863
14.2439024390244,2.80487804878049,864
5.5,6.5,865
12,5,866
21,10,867
17.5348837209302,9.55813953488372,868
11,5,869
9.80434782608696,3.73913043478261,870
11.8717948717949,3.94871794871795,871
15,3,872
15,3,873
6,2.5,874
NaN,NaN,875
10.5,3,876
NaN,NaN,877
11,3,878
NaN,NaN,879
7.39024390243902,3.48780487804878,880
12,3.5,881
6,2.5,882
10.7027027027027,2.83783783783784,883
16.5,3,884
5.88571428571429,2.77142857142857,885
18.5,6,886
18,10.5,887
14.5,9,888
12.5,5,889
7.04255319148936,22.5531914893617,890
4.95744680851064,10.4468085106383,891
7,8.5,892
12,13,893
10.8611111111111,3.41666666666667,894
8.5,5,895
17,13,896
14.5,8,897
14,5,898
12,4,899
6.10416666666667,5.58333333333333,900
17.5,3,901
6.5,2.5,902
10.5675675675676,2.83783783783784,903
10.5,3,904
16,3,905
NaN,NaN,906
6.5,2.5,907
11,2.5,908
10,3,909
NaN,NaN,910
7.80555555555556,2.80555555555556,911
8.2972972972973,2.83783783783784,912
4,4,913
10,18,914
17,26.5,915
9.55813953488372,24.4651162790698,916
4.5,4.5,917
4,2.5,918
10.8333333333333,3.85714285714286,919
5.65789473684211,2.89473684210526,920
11.4102564102564,2.94871794871795,921
16.5,3,922
16.5,3,923
16.5,3,924
16.5,3,925
16.5,3,926
10,3,927
10,3,928
NaN,NaN,929
NaN,NaN,930
NaN,NaN,931
9.5,3,932
10,3,933
10,3,934
10,3,935
9.5,3,936
10,3,937
10,3,938
10,3,939
10,3,940
10,3,941
10,3,942
10,3,943
10,3,944
NaN,NaN,945
10,2.5,946
NaN,NaN,947
NaN,NaN,948
NaN,NaN,949
10,2.5,950
10,3,951
10,2.5,952
10,3,953
NaN,NaN,954
10,2.5,955
NaN,NaN,956
NaN,NaN,957
10,2.5,958
NaN,NaN,959
10,3,960
10,3,961
