x,y,t
17.9423076923077,13.9807692307692,1
13.78125,12.859375,2
13.78125,12.859375,3
13.78125,12.859375,4
13.78125,12.859375,5
13.7619047619048,12.7936507936508,6
13.796875,12.828125,7
13.8125,12.8125,8
13.4237288135593,13.0169491525424,9
13.8529411764706,12.4411764705882,10
13.796875,12.828125,11
13.7619047619048,12.7936507936508,12
13.796875,12.828125,13
13.7619047619048,12.7936507936508,14
13.7619047619048,12.7936507936508,15
13.7619047619048,12.7936507936508,16
13.8125,12.8125,17
13.7619047619048,12.7936507936508,18
13.8461538461538,12.8461538461538,19
13.7619047619048,12.7936507936508,20
13.8461538461538,12.8461538461538,21
13.7619047619048,12.7936507936508,22
13.8461538461538,12.8461538461538,23
13.7619047619048,12.7936507936508,24
13.8461538461538,12.8461538461538,25
13.8125,12.8125,26
13.8461538461538,12.8461538461538,27
13.7619047619048,12.7936507936508,28
13.8125,12.8125,29
13.796875,12.828125,30
13.8461538461538,12.8461538461538,31
13.796875,12.828125,32
13.8461538461538,12.8461538461538,33
13.7619047619048,12.7936507936508,34
13.8461538461538,12.8461538461538,35
13.796875,12.828125,36
13.8461538461538,12.8461538461538,37
13.7619047619048,12.7936507936508,38
13.8461538461538,12.8461538461538,39
13.7619047619048,12.7936507936508,40
13.8461538461538,12.8461538461538,41
13.7619047619048,12.7936507936508,42
13.8461538461538,12.8461538461538,43
13.796875,12.828125,44
13.8461538461538,12.8461538461538,45
13.796875,12.828125,46
13.8461538461538,12.8461538461538,47
14,12.5,48
14,12.5,49
14,12.5,50
14,12.5,51
14,12.5,52
14,12.5,53
13.9661016949153,12.4576271186441,54
14,12.5,55
14,12.5,56
14,12.5,57
14,12.5,58
14,12.5,59
14,12.5,60
14,12.5,61
14,12.5,62
14,12.5,63
13.9661016949153,12.4576271186441,64
14,12.5,65
14,12.5,66
13.9661016949153,12.4576271186441,67
14,12.5,68
13.9661016949153,12.4576271186441,69
14,12.5,70
14,12.5,71
14,12.5,72
14,12.5,73
14,12.5,74
14,12.5,75
14,12.5,76
13.9661016949153,12.4576271186441,77
14,12.5,78
14,12.5,79
14,12.5,80
14,12.5,81
14,12.5,82
14,12.5,83
14,12.5,84
14,12.5,85
14,12.5,86
14,12.5,87
14,12.5,88
14,12.5,89
14,12.5,90
14,12.5,91
14,12.5,92
14,12.5,93
14,12.5,94
14,12.5,95
14,12.5,96
14,12.5,97
14,12.5,98
14,12.5,99
14,12.5,100
14,12.5,101
14,12.5,102
14,12.5,103
14,12.5,104
14,12.5,105
14,12.5,106
14,12.5,107
14,12.5,108
14,12.5,109
14,12.5,110
14,12.5,111
14,12.5,112
14,12.5,113
14,12.5,114
14,12.5,115
14,12.5,116
14,12.5,117
14,12.5,118
13.9661016949153,12.4576271186441,119
14,12.5,120
14,12.5,121
14,12.5,122
14,12.5,123
13.5,12.5,124
13.2881355932203,12.8135593220339,125
13,12.5,126
13.3636363636364,12.3636363636364,127
13.3636363636364,12.3636363636364,128
13.3148148148148,12.3333333333333,129
13.3636363636364,12.3636363636364,130
13.3148148148148,12.3333333333333,131
13.3636363636364,12.3636363636364,132
13.3636363636364,12.3636363636364,133
13.3636363636364,12.3636363636364,134
13.3636363636364,12.3636363636364,135
13.3636363636364,12.3636363636364,136
13.3636363636364,12.3636363636364,137
13.3636363636364,12.3636363636364,138
13.3636363636364,12.3636363636364,139
13,12.5,140
13.3636363636364,12.3636363636364,141
13.3636363636364,12.3636363636364,142
13.3636363636364,12.3636363636364,143
13.3636363636364,12.3636363636364,144
13,12.5,145
13.3636363636364,12.3636363636364,146
13.3636363636364,12.3636363636364,147
13,12.5,148
13.3636363636364,12.3636363636364,149
13.5423728813559,12.0338983050847,150
13.6,12.05,151
13.6,12.05,152
13.6,12.05,153
13.6,12.05,154
13.6,12.05,155
13.6,12.05,156
13.6271186440678,12.1186440677966,157
13.96875,11.953125,158
13.96875,11.953125,159
13.96875,11.953125,160
13.96875,11.953125,161
13.96875,11.953125,162
13.96875,11.953125,163
13.96875,11.953125,164
13.96875,11.953125,165
13.96875,11.953125,166
13.96875,11.953125,167
13.96875,11.953125,168
13.96875,11.953125,169
13.96875,11.953125,170
13.96875,11.953125,171
13.96875,11.953125,172
13.96875,11.953125,173
13.96875,11.953125,174
13.96875,11.953125,175
13.96875,11.953125,176
13.96875,11.953125,177
13.6271186440678,12.1186440677966,178
13.96875,11.953125,179
13.96875,11.953125,180
13.96875,11.953125,181
13.96875,11.953125,182
13.96875,11.953125,183
13.96875,11.953125,184
13.6271186440678,12.1186440677966,185
13.6271186440678,12.1186440677966,186
13.6271186440678,12.1186440677966,187
13.96875,11.953125,188
13.96875,11.953125,189
13.6271186440678,12.1186440677966,190
13.96875,11.953125,191
13.96875,11.953125,192
13.96875,11.953125,193
13.96875,11.953125,194
13.96875,11.953125,195
13.96875,11.953125,196
13.96875,11.953125,197
13.96875,11.953125,198
13.96875,11.953125,199
13.96875,11.953125,200
13.96875,11.953125,201
13.96875,11.953125,202
13.96875,11.953125,203
13.6271186440678,12.1186440677966,204
13.6271186440678,12.1186440677966,205
13.6271186440678,12.1186440677966,206
13.6271186440678,12.1186440677966,207
13.6271186440678,12.1186440677966,208
13.6271186440678,12.1186440677966,209
13.6271186440678,12.1186440677966,210
13.6271186440678,12.1186440677966,211
13.6271186440678,12.1186440677966,212
13.6271186440678,12.1186440677966,213
13.6271186440678,12.1186440677966,214
13.6271186440678,12.1186440677966,215
13.6271186440678,12.1186440677966,216
13.6271186440678,12.1186440677966,217
13.6271186440678,12.1186440677966,218
13.6271186440678,12.1186440677966,219
13.6271186440678,12.1186440677966,220
13.6271186440678,12.1186440677966,221
13.6271186440678,12.1186440677966,222
13.6271186440678,12.1186440677966,223
13.6271186440678,12.1186440677966,224
13.6271186440678,12.1186440677966,225
13.6271186440678,12.1186440677966,226
13.6271186440678,12.1186440677966,227
13.6271186440678,12.1186440677966,228
13.6271186440678,12.1186440677966,229
13.6271186440678,12.1186440677966,230
13.6271186440678,12.1186440677966,231
13.96875,11.953125,232
13.96875,11.953125,233
13.9076923076923,11.9384615384615,234
13.9076923076923,11.9384615384615,235
13.9076923076923,11.9384615384615,236
13.96875,11.953125,237
13.9076923076923,11.9384615384615,238
13.9076923076923,11.9384615384615,239
13.9076923076923,11.9384615384615,240
13.96875,11.953125,241
13.9076923076923,11.9384615384615,242
13.9076923076923,11.9384615384615,243
13.9076923076923,11.9384615384615,244
13.9076923076923,11.9384615384615,245
13.9076923076923,11.9384615384615,246
13.96875,11.953125,247
13.5666666666667,12.1,248
13.9076923076923,11.9384615384615,249
13.9076923076923,11.9384615384615,250
13.96875,11.953125,251
13.9076923076923,11.9384615384615,252
13.9076923076923,11.9384615384615,253
13.9076923076923,11.9384615384615,254
14,12,255
13.9375,11.984375,256
13.9375,11.984375,257
13.9375,11.984375,258
13.9375,11.984375,259
13.9076923076923,11.9384615384615,260
14,12,261
13.9375,11.984375,262
14,12,263
13.9375,11.984375,264
13.9375,11.984375,265
13.5666666666667,12.1,266
13.96875,11.953125,267
13.9076923076923,11.9384615384615,268
14,12,269
13.9375,11.984375,270
13.96875,11.953125,271
13.9076923076923,11.9384615384615,272
14,12,273
13.9076923076923,11.9384615384615,274
13.6271186440678,12.1186440677966,275
13.9076923076923,11.9384615384615,276
14,12,277
13.9076923076923,11.9384615384615,278
13.9375,11.984375,279
13.9076923076923,11.9384615384615,280
13.9375,11.984375,281
13.9076923076923,11.9384615384615,282
13.9375,11.984375,283
13.9076923076923,11.9384615384615,284
13.9375,11.984375,285
14.5925925925926,9.57407407407407,286
17.037037037037,10.0555555555556,287
20.2033898305085,6.71186440677966,288
5.6304347826087,4.60869565217391,289
9,7.41666666666667,290
10,6,291
11.3636363636364,5.36363636363636,292
15.1272727272727,6.92727272727273,293
19.6,7.1,294
20.5,7.5,295
20.5714285714286,8.57142857142857,296
17.9591836734694,4.55102040816327,297
7.06818181818182,3.95454545454545,298
5.41379310344828,2.93103448275862,299
5.08823529411765,2.94117647058824,300
5.4390243902439,4.07317073170732,301
6.60655737704918,5.85245901639344,302
9.85245901639344,6.70491803278689,303
17.9285714285714,4.96428571428571,304
21,4,305
19.5,3,306
17.5,3,307
17,3,308
NaN,NaN,309
NaN,NaN,310
NaN,NaN,311
9.38,3.92,312
7.43137254901961,4.96078431372549,313
5.11111111111111,7.11111111111111,314
5.07317073170732,7.4390243902439,315
7.5,4.5,316
10.6842105263158,3.63157894736842,317
12.2203389830508,4.28813559322034,318
15.3846153846154,5.53846153846154,319
18.4545454545455,6.54545454545455,320
20.625,7,321
21,7.5,322
21.0588235294118,7.08823529411765,323
20.625,7.125,324
20.7045454545455,7.63636363636364,325
20.7045454545455,7.63636363636364,326
20.7045454545455,7.63636363636364,327
20.7045454545455,7.63636363636364,328
20.6444444444444,7.71111111111111,329
20.6444444444444,7.71111111111111,330
20.6444444444444,7.71111111111111,331
20.6444444444444,7.71111111111111,332
20.6444444444444,7.71111111111111,333
20.6444444444444,7.71111111111111,334
20.6444444444444,7.71111111111111,335
20.6086956521739,7.6304347826087,336
20.6444444444444,7.71111111111111,337
20.6086956521739,7.6304347826087,338
20.6444444444444,7.71111111111111,339
20.6086956521739,7.6304347826087,340
20.7045454545455,7.75,341
20.6086956521739,7.6304347826087,342
20.6086956521739,7.6304347826087,343
20.6086956521739,7.6304347826087,344
20.6086956521739,7.6304347826087,345
20.6086956521739,7.6304347826087,346
20.6086956521739,7.6304347826087,347
20.6666666666667,7.55555555555556,348
20.6086956521739,7.6304347826087,349
20.6086956521739,7.6304347826087,350
20.6086956521739,7.6304347826087,351
20.6086956521739,7.6304347826087,352
20.6086956521739,7.6304347826087,353
20.6086956521739,7.6304347826087,354
20.6086956521739,7.6304347826087,355
20.6666666666667,7.55555555555556,356
20.6086956521739,7.6304347826087,357
20.6086956521739,7.6304347826087,358
20.6086956521739,7.6304347826087,359
20.6086956521739,7.6304347826087,360
20.6086956521739,7.6304347826087,361
20.6666666666667,7.55555555555556,362
20.5555555555556,7.55555555555556,363
20.6086956521739,7.6304347826087,364
18.8125,4.6875,365
19.9117647058824,2.94117647058824,366
21,3.5,367
21,4,368
20.5714285714286,3.42857142857143,369
21,3.5,370
21,3.5,371
21,3.5,372
21,3.5,373
20.5714285714286,3.42857142857143,374
20.5714285714286,3.42857142857143,375
20.5714285714286,3.42857142857143,376
20.5714285714286,3.42857142857143,377
20.5,3.5,378
20.5,3.5,379
20.5,3.5,380
20.5714285714286,3.42857142857143,381
20.5,3.5,382
20.5714285714286,3.42857142857143,383
20.5,3.5,384
20.5,3.5,385
20.5714285714286,3.42857142857143,386
20.0731707317073,3.4390243902439,387
13.5471698113208,5.45283018867925,388
13.4339622641509,5.52830188679245,389
13.5,5.5,390
15,4,391
NaN,NaN,392
8,2.5,393
8,2.5,394
10,3,395
11.5,3,396
10.5,3,397
10.5,3,398
11,3,399
11,3,400
11.5,3,401
11.5,3,402
NaN,NaN,403
NaN,NaN,404
NaN,NaN,405
11,3,406
11,3.375,407
11,3.375,408
11,3.375,409
11,3.375,410
11,3.375,411
11,3.375,412
11,3.375,413
11,3.375,414
10,2.5,415
14,3,416
13.5,3,417
15.5,3,418
19.5555555555556,3.33333333333333,419
19.5,3,420
20,3,421
19.5897435897436,2.94871794871795,422
20,3,423
19.5897435897436,2.94871794871795,424
20,3,425
19.5897435897436,2.94871794871795,426
20,3,427
19.5897435897436,2.94871794871795,428
20,3,429
19.5897435897436,2.94871794871795,430
19.5897435897436,2.94871794871795,431
20,3,432
19.5897435897436,2.94871794871795,433
19.5897435897436,2.94871794871795,434
20,3,435
19.5897435897436,2.94871794871795,436
20,3,437
20,3,438
20,3,439
19.5897435897436,2.94871794871795,440
19.5897435897436,2.94871794871795,441
19.5897435897436,2.94871794871795,442
19.5897435897436,2.94871794871795,443
19.5897435897436,2.94871794871795,444
20,3,445
20,3,446
20,3,447
20,3,448
20,3,449
20,3,450
20,3,451
20,3,452
20,3,453
19.5897435897436,2.94871794871795,454
20,3,455
20,3,456
20,3,457
20,3,458
20,3,459
20,3,460
20,3,461
20,3,462
20,3,463
14.5,3,464
15.9268292682927,3.4390243902439,465
15.9268292682927,3.4390243902439,466
15.9268292682927,3.4390243902439,467
15.9268292682927,3.4390243902439,468
15.9268292682927,3.4390243902439,469
15.9268292682927,3.4390243902439,470
15.9268292682927,3.4390243902439,471
15.9268292682927,3.4390243902439,472
15.9268292682927,3.4390243902439,473
15.9268292682927,3.4390243902439,474
15.9268292682927,3.4390243902439,475
15.9268292682927,3.4390243902439,476
16.0731707317073,3.4390243902439,477
16.0731707317073,3.4390243902439,478
16.0731707317073,3.4390243902439,479
16.0731707317073,3.4390243902439,480
16.0731707317073,3.4390243902439,481
16.0731707317073,3.4390243902439,482
16,3.5,483
16.0731707317073,3.4390243902439,484
16.0731707317073,3.4390243902439,485
16.0731707317073,3.4390243902439,486
16.0731707317073,3.4390243902439,487
16.0731707317073,3.4390243902439,488
16.0731707317073,3.4390243902439,489
16.0731707317073,3.4390243902439,490
16.0731707317073,3.4390243902439,491
15.4444444444444,3.55555555555556,492
15,3,493
15,3,494
15,3,495
15,3,496
15,3,497
15,3,498
15,3,499
15,3,500
15,3,501
15,3,502
15,3,503
15,3,504
15,3,505
14.5,3,506
14.5,3,507
14.5,3,508
14.5,3,509
14.5,3,510
14.5,3,511
14.5,3,512
14.5,3,513
14.5,3,514
14.5,3,515
14.5,3,516
14.5,3,517
14.5,3,518
14.5,3,519
14.5,3,520
14.5,3,521
14.5,3,522
13.5,3,523
13.5,3,524
13.5,3,525
13.5,3,526
13.5,3,527
13.5,3,528
13.5,3,529
13.5,3,530
13.5,3,531
13.5,3,532
13.5,3,533
13.5,3,534
15,3,535
19.2439024390244,2.80487804878049,536
19,2.5,537
19,2.5,538
19,2.5,539
19,2.5,540
19,2.5,541
19,2.5,542
19,2.5,543
19,2.5,544
19,2.5,545
19,2.5,546
19,2.5,547
19,2.5,548
19.5,2.5,549
19,2.5,550
19.5,2.5,551
19,2.5,552
19,2.5,553
19,2.5,554
19.5,2.5,555
19,2.5,556
19,2.5,557
19,2.5,558
19.5,2.5,559
19,2.5,560
19.5,2.5,561
19,2.5,562
18.8780487804878,2.80487804878049,563
19,2.5,564
18.8780487804878,2.80487804878049,565
19,2.5,566
19,3,567
20,2.5,568
20,2.5,569
20,2.5,570
20,2.5,571
20,2.5,572
20,2.5,573
20,2.5,574
20,2.5,575
20,2.5,576
20,2.5,577
20,2.5,578
20,2.5,579
20,2.5,580
20,2.5,581
20,2.5,582
20,2.5,583
20,2.5,584
20,2.5,585
20,2.5,586
20,2.5,587
20,2.5,588
20,2.5,589
20,2.5,590
20.5,2.5,591
20.5,2.5,592
20.5,2.5,593
20.5,2.5,594
20.5,2.5,595
20.5,2.5,596
20.5,2.5,597
20.5,2.5,598
20.5,2.5,599
20,2.5,600
20,2.5,601
20,2.5,602
20,2.5,603
20,2.5,604
20,2.5,605
20,2.5,606
20.5,2.5,607
20,2.5,608
20,2.5,609
20,2.5,610
20,2.5,611
20,2.5,612
20,2.5,613
20.5,2.5,614
20.5,2.5,615
20,2.5,616
20.5,2.5,617
20,2.5,618
20,2.5,619
20,2.5,620
20,2.5,621
20,2.5,622
20,2.5,623
20,2.5,624
20.5,2.5,625
20,2.5,626
20.4137931034483,2.93103448275862,627
20.5,2.5,628
20.4137931034483,2.93103448275862,629
20.5,2.5,630
20,2.5,631
20.5,2.5,632
20.5,2.5,633
20.5,2.5,634
20,2.5,635
20.5,2.5,636
20,2.5,637
20,2.5,638
20.5,2.5,639
20,2.5,640
20.5,2.5,641
20.5,2.5,642
20.5,2.5,643
20,2.5,644
20.5,2.5,645
20,2.5,646
20.5,2.5,647
20,2.5,648
20,2.5,649
20,2.5,650
20.5,2.5,651
20,2.5,652
20.5,2.5,653
20,2.5,654
20.5,2.5,655
20.5,2.5,656
20,2.5,657
20,2.5,658
20.5,2.5,659
20.5,2.5,660
20,2.5,661
20,2.5,662
20,2.5,663
20,2.5,664
20,2.5,665
20,2.5,666
20,2.5,667
20,2.5,668
20,2.5,669
20,2.5,670
20,2.5,671
20,2.5,672
20,2.5,673
20,2.5,674
20.5,2.5,675
20,2.5,676
20.5,2.5,677
20,2.5,678
20,2.5,679
20,2.5,680
20,2.5,681
20,2.5,682
20.5,2.5,683
20,2.5,684
20,2.5,685
20,2.5,686
20.5,2.5,687
20,2.5,688
20,2.5,689
20,2.5,690
19.5,3,691
19.5,3,692
19.5,3,693
19.5,3,694
19.5,3,695
19.5,3,696
19,3.375,697
19,3.375,698
19,3,699
19,3,700
19,3.375,701
19,3.375,702
19,3.375,703
19,3,704
19,3.375,705
19,3,706
19,3.375,707
19,3.375,708
19,3.375,709
19,3.375,710
19,3.375,711
19,3,712
19,3.375,713
19,3,714
19,3.375,715
19,3,716
19,3.375,717
19,3,718
19,3.375,719
19,3,720
19,3.375,721
19,3,722
19,3.375,723
19,3,724
19,3.375,725
19,3,726
19,3.375,727
19,3.375,728
19,3.375,729
19,3.375,730
19,3.375,731
19,3.375,732
19.5,3,733
19.4137931034483,2.93103448275862,734
20,2.5,735
20,2.5,736
20,2.5,737
20,2.5,738
20,2.5,739
20,2.5,740
20,2.5,741
20,2.5,742
20,2.5,743
20,2.5,744
20,2.5,745
20,2.5,746
20,2.5,747
20,2.5,748
20,2.5,749
20,2.5,750
20,2.5,751
20,2.5,752
20,2.5,753
20,2.5,754
20,2.5,755
20,2.5,756
20,2.5,757
20,2.5,758
20,2.5,759
20,2.5,760
20,2.5,761
20,2.5,762
20,2.5,763
20,2.5,764
20,2.5,765
20,2.5,766
20,2.5,767
20,2.5,768
20,2.5,769
20,2.5,770
20,2.5,771
20,2.5,772
20,2.5,773
20,2.5,774
20,2.5,775
20,2.5,776
20,2.5,777
20,2.5,778
20,2.5,779
20,2.5,780
20,2.5,781
20,2.5,782
20,2.5,783
20,2.5,784
20,2.5,785
20,2.5,786
20,2.5,787
20,2.5,788
20,2.5,789
20,2.5,790
20,2.5,791
20,2.5,792
20,2.5,793
20,2.5,794
20,2.5,795
20,2.5,796
20,2.5,797
20,2.5,798
20,2.5,799
19.2972972972973,2.83783783783784,800
17.5,3,801
17.7857142857143,2.85714285714286,802
17.7857142857143,2.85714285714286,803
17.7857142857143,2.85714285714286,804
17.7857142857143,2.85714285714286,805
17.7857142857143,2.85714285714286,806
17.7857142857143,2.85714285714286,807
17.7857142857143,2.85714285714286,808
17.7857142857143,2.85714285714286,809
17.7857142857143,2.85714285714286,810
17.7857142857143,2.85714285714286,811
17.7857142857143,2.85714285714286,812
17.8372093023256,2.90697674418605,813
18.0754716981132,3.45283018867925,814
18.5,3,815
18.5,3,816
19.6578947368421,2.89473684210526,817
19.2972972972973,2.83783783783784,818
19.5,3,819
19.4102564102564,2.94871794871795,820
19.5675675675676,2.83783783783784,821
19.5675675675676,2.83783783783784,822
19.2972972972973,2.83783783783784,823
20,2.87878787878788,824
20.0882352941176,2.94117647058824,825
20.5,3.5,826
20.5,3.5,827
20.5714285714286,3.42857142857143,828
20.5,3.5,829
20,3.5,830
19.5714285714286,3.42857142857143,831
20,3.5,832
20.0769230769231,3.46153846153846,833
19.9230769230769,3.33333333333333,834
19.5714285714286,3.42857142857143,835
18.2972972972973,2.83783783783784,836
18.6304347826087,3.39130434782609,837
18.5744680851064,3.4468085106383,838
18.0731707317073,3.4390243902439,839
18.5744680851064,3.4468085106383,840
19,3,841
19.0882352941176,2.94117647058824,842
19,3,843
19,3,844
19,3,845
19.0882352941176,2.94117647058824,846
19,3,847
19,3,848
19,3,849
19,3,850
19,3,851
19,3,852
19,3,853
19,3,854
19,3,855
19,3,856
19,3,857
19,3,858
19,3,859
19,3,860
19,3,861
19,3,862
19,3,863
19,3,864
19,3,865
19,3,866
19,3,867
19,3,868
19,3,869
19,3,870
19,3,871
19,3,872
19,3,873
19,3,874
19,3,875
19.5,3,876
19.5,3,877
19,3,878
19.4102564102564,2.94871794871795,879
19.5,2.89473684210526,880
19.5,2.89473684210526,881
19.5,2.89473684210526,882
19.4102564102564,2.94871794871795,883
19.4102564102564,2.94871794871795,884
19.4102564102564,2.94871794871795,885
19.4102564102564,2.94871794871795,886
19.4102564102564,2.94871794871795,887
19.4102564102564,2.94871794871795,888
19.4102564102564,2.94871794871795,889
19.4102564102564,2.94871794871795,890
19.4102564102564,2.94871794871795,891
19.4102564102564,2.94871794871795,892
19.4102564102564,2.94871794871795,893
19.5,2.89473684210526,894
19.4102564102564,2.94871794871795,895
19.5,2.89473684210526,896
19.4102564102564,2.94871794871795,897
19.4102564102564,2.94871794871795,898
19.4102564102564,2.94871794871795,899
19.4102564102564,2.94871794871795,900
19.4102564102564,2.94871794871795,901
19.4102564102564,2.94871794871795,902
19.4102564102564,2.94871794871795,903
19.5,2.89473684210526,904
19.4102564102564,2.94871794871795,905
19.4102564102564,2.94871794871795,906
19.4102564102564,2.94871794871795,907
19.4102564102564,2.94871794871795,908
19.4102564102564,2.94871794871795,909
19.4102564102564,2.94871794871795,910
19.4102564102564,2.94871794871795,911
19.5,2.89473684210526,912
19.4102564102564,2.94871794871795,913
19.5,2.89473684210526,914
19.4102564102564,2.94871794871795,915
19.4102564102564,2.94871794871795,916
19.4102564102564,2.94871794871795,917
19.5675675675676,2.83783783783784,918
19.5897435897436,2.94871794871795,919
19.5675675675676,2.83783783783784,920
19.5,2.89473684210526,921
19.5675675675676,2.83783783783784,922
19.5,2.89473684210526,923
19.5675675675676,2.83783783783784,924
19.4102564102564,2.94871794871795,925
19.5675675675676,2.83783783783784,926
19.5,2.89473684210526,927
19.5675675675676,2.83783783783784,928
19.5,2.89473684210526,929
19.5,2.89473684210526,930
19.5675675675676,2.83783783783784,931
19.5,2.89473684210526,932
19.5,2.89473684210526,933
19.5675675675676,2.83783783783784,934
19.5,2.89473684210526,935
19.5,2.89473684210526,936
19.5897435897436,2.94871794871795,937
19.5675675675676,2.83783783783784,938
19.5897435897436,2.94871794871795,939
19.5675675675676,2.83783783783784,940
19.5,2.89473684210526,941
19.5,2.89473684210526,942
19.5897435897436,2.94871794871795,943
19.5897435897436,2.94871794871795,944
19.5897435897436,2.94871794871795,945
19.6578947368421,2.89473684210526,946
19.5897435897436,2.94871794871795,947
19.5897435897436,2.94871794871795,948
19.5897435897436,2.94871794871795,949
19.5,2.89473684210526,950
19.5897435897436,2.94871794871795,951
19.5,2.89473684210526,952
19.5897435897436,2.94871794871795,953
19.5,2.89473684210526,954
19.5897435897436,2.94871794871795,955
19.5,2.89473684210526,956
19.5897435897436,2.94871794871795,957
19.5,2.89473684210526,958
19.5897435897436,2.94871794871795,959
19.5897435897436,2.94871794871795,960
19.5897435897436,2.94871794871795,961
