x,y,t
11,10.5,1
11,10,2
10.5714285714286,9.42857142857143,3
18,5.5,4
18.5,3.5,5
18,3,6
18.5,3.5,7
18.5757575757576,3.45454545454545,8
11,3,9
11,3,10
11,3.375,11
11.4285714285714,3.42857142857143,12
11.4285714285714,3.42857142857143,13
5.5,2.5,14
5.58620689655172,2.93103448275862,15
5.5,3,16
5.5,2.5,17
5.41379310344828,2.93103448275862,18
5.5,3,19
5.41379310344828,2.93103448275862,20
5.41379310344828,2.93103448275862,21
NaN,NaN,22
NaN,NaN,23
9,3,24
9,3.5,25
9,3,26
9.5,3,27
9,3,28
9,3,29
9,3,30
10,3,31
4,2.5,32
15.5,2.5,33
11,3.375,34
5.42857142857143,3.57142857142857,35
5,3.5,36
5,3,37
9.5,3.5,38
9.5,3.5,39
9.5,3.5,40
9.5,3.5,41
9.5,3.5,42
9.5,3.5,43
9.5,3.5,44
9.5,3.5,45
9.5,3.5,46
9.5,3.5,47
9.5,3.5,48
9.5,3.5,49
11.4285714285714,3.42857142857143,50
NaN,NaN,51
14.5,3,52
9.7027027027027,2.83783783783784,53
9,13.5,54
NaN,NaN,55
18,2.5,56
9.84848484848485,2.87878787878788,57
10,2.5,58
9.84848484848485,2.87878787878788,59
9.84848484848485,2.87878787878788,60
9.5,2.5,61
10,2.5,62
10,2.5,63
9.5,2.5,64
9.56756756756757,2.83783783783784,65
9.56756756756757,2.83783783783784,66
9.56756756756757,2.83783783783784,67
9.56756756756757,2.83783783783784,68
9.56756756756757,2.83783783783784,69
9.56756756756757,2.83783783783784,70
9.56756756756757,2.83783783783784,71
10,2.87878787878788,72
10.4137931034483,2.93103448275862,73
9.56756756756757,2.83783783783784,74
9.56756756756757,2.83783783783784,75
9.56756756756757,2.83783783783784,76
9.5,2.5,77
10,2.87878787878788,78
9.56756756756757,2.83783783783784,79
10,2.87878787878788,80
9.5,2.5,81
10,2.5,82
10,2.87878787878788,83
9.56756756756757,2.83783783783784,84
9.56756756756757,2.83783783783784,85
10,2.87878787878788,86
10,2.87878787878788,87
NaN,NaN,88
15,3.5,89
15,3.5,90
15.4285714285714,3.42857142857143,91
15.5714285714286,3.57142857142857,92
15.4285714285714,3.42857142857143,93
15.4285714285714,3.42857142857143,94
9.7027027027027,2.83783783783784,95
12,2.5,96
7.5,3.5,97
4.5,2.5,98
10.5714285714286,3.95918367346939,99
18.5714285714286,5.57142857142857,100
NaN,NaN,101
4,13,102
NaN,NaN,103
6.7,12.2,104
NaN,NaN,105
NaN,NaN,106
16.4489795918367,10.0408163265306,107
18,4,108
12.4137931034483,2.93103448275862,109
12.2972972972973,2.83783783783784,110
12,2.5,111
12,2.5,112
12,2.5,113
12,2.5,114
11,2.5,115
11.5,2.5,116
11.5,2.5,117
11,2.5,118
11,2.5,119
11,2.5,120
11,2.5,121
11,2.5,122
11.5,2.5,123
11,2.5,124
11,2.5,125
11.5,2.5,126
11.5,2.5,127
11,2.5,128
11,2.5,129
11,2.5,130
11,2.5,131
11.5,2.5,132
11.5,2.5,133
11.5,2.5,134
11,2.5,135
11,2.5,136
10.5,2.5,137
11,2.5,138
11,2.5,139
11,2.5,140
11,2.5,141
11,2.5,142
11.5,2.5,143
11,2.5,144
11.5,2.5,145
10.5,2.5,146
11,2.5,147
11,2.5,148
11,2.5,149
11,2.5,150
11.5,2.5,151
11,2.5,152
11,2.5,153
11,2.5,154
11,2.5,155
11,2.5,156
11,2.5,157
11.5,2.5,158
11,2.5,159
11,2.5,160
11.5,2.5,161
8,2.87878787878788,162
7.5,2.5,163
7.5,2.5,164
7.5,2.5,165
10.5,3,166
15,2.5,167
18.6086956521739,10.6304347826087,168
3,3.5,169
14,19,170
10,13,171
6,6,172
6.5,5.5,173
7.43589743589744,4.94871794871795,174
7,5,175
6.94871794871795,5.43589743589744,176
7,5.5,177
6.57142857142857,5.57142857142857,178
6.57142857142857,5.57142857142857,179
6.5,6,180
6.5,6,181
7.05128205128205,5.56410256410256,182
6.5,6,183
6.5,6,184
6.5,6,185
6.57142857142857,5.57142857142857,186
6.57142857142857,5.57142857142857,187
6.5,6,188
7,6,189
6.5,6,190
6.5,6,191
6.5,6,192
6.5,6,193
6.57142857142857,5.57142857142857,194
6,6,195
6.57142857142857,5.57142857142857,196
6.5,5.5,197
6.5,5.5,198
6.5,5.5,199
6.57142857142857,5.57142857142857,200
6.5,5.5,201
6.57142857142857,5.57142857142857,202
6.5,5.5,203
6.5,5.5,204
6.5,5.5,205
6.5,6,206
6.57142857142857,5.57142857142857,207
6,6,208
6.5,6,209
6.57142857142857,5.57142857142857,210
6,6,211
NaN,NaN,212
12.125,3.375,213
6.5,2.5,214
19,2.5,215
NaN,NaN,216
15.5925925925926,6.59259259259259,217
NaN,NaN,218
18.5,2.5,219
5,3,220
5.5,3,221
5,3.5,222
4,2.5,223
11.9811320754717,5.0377358490566,224
10,3,225
6,7,226
12,14,227
NaN,NaN,228
17,2.5,229
5,2.5,230
NaN,NaN,231
10.8181818181818,3.86363636363636,232
NaN,NaN,233
19.5,6,234
7.75862068965517,2.3448275862069,235
15,3,236
19,7,237
2.5,9,238
7.08823529411765,2.94117647058824,239
9,3,240
17,5.5,241
17,4.5,242
17,4.5,243
16.5714285714286,4.42857142857143,244
17,4,245
17,4.5,246
17,4.5,247
17,4.5,248
17,4.5,249
17,4.5,250
17,4.5,251
17,4.5,252
17,4.5,253
17,4.5,254
17,4.5,255
17,4.5,256
17,4.5,257
17,4.5,258
17,4.5,259
17,4.5,260
17,4.5,261
17,4.5,262
17,4.5,263
17,4.5,264
17,4.5,265
17,4.5,266
17,4.5,267
17,4.5,268
17,4.5,269
17,4.5,270
17,4.5,271
17,4.5,272
17,4.5,273
17,4.5,274
17,4.5,275
17,4.5,276
17,4.5,277
17,4.5,278
17,4.5,279
17,4.5,280
17,4.5,281
17,4.5,282
17,4.5,283
17,4.5,284
17,4.5,285
17,4.5,286
17,4.5,287
17,4.5,288
17,4.5,289
17,4.5,290
17,4.5,291
17,4.5,292
17,4.5,293
17,4.5,294
17,4.5,295
17,5,296
17,4.5,297
17,4.5,298
17,4.5,299
17,4.5,300
17,4.5,301
17,4.5,302
17,4.5,303
17,4.5,304
17,4.5,305
17,4.5,306
17,4.5,307
17,4.5,308
17,4.5,309
17,4.5,310
17,4.5,311
17,4.5,312
17,4.5,313
17,4.5,314
17,4.5,315
17,4.5,316
17,4.5,317
17,4.5,318
17,4.5,319
17,4.5,320
17.5,2.5,321
15.4137931034483,2.93103448275862,322
18.4137931034483,2.93103448275862,323
18,13,324
8,18,325
9,19,326
9,10,327
8,4.5,328
8,5.5,329
8,5,330
8,4.5,331
8.43589743589744,4.94871794871795,332
7,5,333
16,2.5,334
18.6923076923077,3.84615384615385,335
15.7948717948718,3.33333333333333,336
15.3421052631579,2.89473684210526,337
15.3421052631579,2.89473684210526,338
15.3421052631579,2.89473684210526,339
15.3421052631579,2.89473684210526,340
15.3421052631579,2.89473684210526,341
15.3421052631579,2.89473684210526,342
15.3421052631579,2.89473684210526,343
15.3421052631579,2.89473684210526,344
15.3421052631579,2.89473684210526,345
15.3421052631579,2.89473684210526,346
15.3421052631579,2.89473684210526,347
15.3421052631579,2.89473684210526,348
15.3421052631579,2.89473684210526,349
15.3421052631579,2.89473684210526,350
15.3421052631579,2.89473684210526,351
15.3421052631579,2.89473684210526,352
15.3421052631579,2.89473684210526,353
15.3421052631579,2.89473684210526,354
15.3421052631579,2.89473684210526,355
15.2972972972973,2.83783783783784,356
15.3421052631579,2.89473684210526,357
15.3421052631579,2.89473684210526,358
15.3421052631579,2.89473684210526,359
15.3421052631579,2.89473684210526,360
15.3421052631579,2.89473684210526,361
15.3421052631579,2.89473684210526,362
15.2972972972973,2.83783783783784,363
15.3421052631579,2.89473684210526,364
15.3421052631579,2.89473684210526,365
15.3421052631579,2.89473684210526,366
15.2972972972973,2.83783783783784,367
15.3421052631579,2.89473684210526,368
15.3421052631579,2.89473684210526,369
15.3421052631579,2.89473684210526,370
15.3421052631579,2.89473684210526,371
15.3421052631579,2.89473684210526,372
15.3421052631579,2.89473684210526,373
15.3421052631579,2.89473684210526,374
15.3421052631579,2.89473684210526,375
15.3421052631579,2.89473684210526,376
15.3421052631579,2.89473684210526,377
15.3421052631579,2.89473684210526,378
15.3421052631579,2.89473684210526,379
15.3421052631579,2.89473684210526,380
15.3421052631579,2.89473684210526,381
15.3421052631579,2.89473684210526,382
15.3421052631579,2.89473684210526,383
15.3421052631579,2.89473684210526,384
15.3421052631579,2.89473684210526,385
15.3421052631579,2.89473684210526,386
15.3421052631579,2.89473684210526,387
15.3421052631579,2.89473684210526,388
15.3421052631579,2.89473684210526,389
15.3421052631579,2.89473684210526,390
17,2.5,391
4,2.5,392
7,17,393
7.5,4,394
3,13.5,395
11,3,396
15.5,16.5,397
15.5,16,398
15.093023255814,4.88372093023256,399
4,2.5,400
15.5,3,401
14.5,3.5,402
14.4285714285714,3.42857142857143,403
14.5,3.5,404
14.5,3.5,405
14.5,3,406
9.5,3,407
NaN,NaN,408
14.5,7,409
17.4,7.1,410
NaN,NaN,411
13.3421052631579,2.89473684210526,412
6.57142857142857,3.57142857142857,413
9,4,414
9.55813953488372,4.53488372093023,415
5.61363636363636,7.59090909090909,416
5,21,417
19.5,6.5,418
13.0943396226415,14.0754716981132,419
17.4358974358974,12.9487179487179,420
14,9.5,421
2.5,18,422
4.04255319148936,10.5531914893617,423
3.625,11.125,424
3.61363636363636,10.5909090909091,425
3.6,10.1,426
3.61363636363636,10.5909090909091,427
3.61363636363636,10.5909090909091,428
3.55555555555556,10.5555555555556,429
3.61363636363636,10.5909090909091,430
3.61363636363636,10.5909090909091,431
3.61363636363636,10.5909090909091,432
3.61363636363636,10.5909090909091,433
3.55555555555556,10.5555555555556,434
3.61363636363636,10.5909090909091,435
3.55555555555556,10.5555555555556,436
3.61363636363636,10.5909090909091,437
3.55555555555556,10.5555555555556,438
3.55555555555556,10.5555555555556,439
3.61363636363636,10.5909090909091,440
3.55555555555556,10.5555555555556,441
3.55555555555556,10.5555555555556,442
4,10,443
3.61363636363636,10.5909090909091,444
3.61363636363636,10.5909090909091,445
3.55555555555556,10.5555555555556,446
3.61363636363636,10.5909090909091,447
3.55555555555556,10.5555555555556,448
3.61363636363636,10.5909090909091,449
3.55555555555556,10.5555555555556,450
3.61363636363636,10.5909090909091,451
3.61363636363636,10.5909090909091,452
3.61363636363636,10.5909090909091,453
3.61363636363636,10.5909090909091,454
3.61363636363636,10.5909090909091,455
3.61363636363636,10.5909090909091,456
3.61363636363636,10.5909090909091,457
3.55555555555556,10.5555555555556,458
3.55555555555556,10.5555555555556,459
3.61363636363636,10.5909090909091,460
3.61363636363636,10.5909090909091,461
3.61363636363636,10.5909090909091,462
3.61363636363636,10.5909090909091,463
3.61363636363636,10.5909090909091,464
3.61363636363636,10.5909090909091,465
3.61363636363636,10.5909090909091,466
3.61363636363636,10.5909090909091,467
3.61363636363636,10.5909090909091,468
3.61363636363636,10.5909090909091,469
3.61363636363636,10.5909090909091,470
3.61363636363636,10.5909090909091,471
3.61363636363636,10.5909090909091,472
3.61363636363636,10.5909090909091,473
3.61363636363636,10.5909090909091,474
3.61363636363636,10.5909090909091,475
3.61363636363636,10.5909090909091,476
3.625,10.125,477
3.61363636363636,10.5909090909091,478
3.6,10.1,479
3.61363636363636,10.5909090909091,480
3.55555555555556,10.5555555555556,481
3.95918367346939,10.4285714285714,482
3.61363636363636,10.5909090909091,483
3.61363636363636,10.5909090909091,484
3.61363636363636,10.5909090909091,485
3.625,10.125,486
4,10,487
3.61363636363636,10.5909090909091,488
3.61363636363636,10.5909090909091,489
3.61363636363636,10.5909090909091,490
4,10.5,491
4,9.5,492
4,10,493
4,10.5,494
4,10.5,495
4,10.5,496
4,10.5,497
4,10,498
4,10.5,499
4.33333333333333,10.3333333333333,500
4,10.5,501
4,10.5,502
4,10.5,503
4,10.5,504
4,10.5,505
4,10.5,506
4,10.5,507
4,10.5,508
4.7,6.2,509
3,6.5,510
5,2.5,511
5,2.5,512
5,2.5,513
5.41379310344828,2.93103448275862,514
5.5,3,515
5.5,3,516
5.5,3,517
7,3,518
17.5,2.5,519
17.4285714285714,3.57142857142857,520
16.5,2.5,521
4.5,2.5,522
5,8,523
14.3809523809524,3.4047619047619,524
18,17.5,525
10,17.5,526
16.4285714285714,12.4285714285714,527
15.4358974358974,10.9487179487179,528
18.5,11,529
11.1428571428571,13.3469387755102,530
7.625,8.875,531
11.5,4,532
11.3469387755102,11.8775510204082,533
3,5,534
4,5,535
3,4,536
3,4.5,537
NaN,NaN,538
3,4,539
NaN,NaN,540
3,4,541
3,4,542
NaN,NaN,543
NaN,NaN,544
3,3.5,545
3,4,546
3,3.5,547
3,4,548
3,4,549
3,4,550
3,4,551
3,4,552
NaN,NaN,553
3,3.5,554
3,4,555
3,3.5,556
NaN,NaN,557
3,3.5,558
NaN,NaN,559
3,3,560
3,4,561
3,3.5,562
3,3,563
3,4,564
3,4,565
3,3,566
3,4,567
3,3.5,568
3,3.5,569
3,3.5,570
3,4,571
NaN,NaN,572
NaN,NaN,573
NaN,NaN,574
NaN,NaN,575
3,4,576
3,3.5,577
3,3,578
3,3.5,579
3,3,580
3,3.5,581
3,3,582
3,4,583
3,4,584
NaN,NaN,585
NaN,NaN,586
3,4,587
3,4,588
3,4,589
3,3.5,590
3,4,591
NaN,NaN,592
NaN,NaN,593
3,4,594
NaN,NaN,595
NaN,NaN,596
3,4,597
NaN,NaN,598
3,4,599
3,3.5,600
NaN,NaN,601
3,3.5,602
NaN,NaN,603
3,3.5,604
NaN,NaN,605
3,4,606
NaN,NaN,607
3,3,608
3,4,609
3,3.5,610
3,3,611
3,3,612
3,3.5,613
3,4,614
3,4,615
3,3.5,616
NaN,NaN,617
3,3.5,618
3,3,619
3.57575757575758,3.45454545454545,620
5.5,4,621
17.5,2.5,622
16.4444444444444,16.4444444444444,623
17.4468085106383,18.5744680851064,624
14.1395348837209,3.93023255813953,625
13.875,3.625,626
13.875,3.625,627
13.875,3.625,628
13,3.5,629
14,4,630
14.5,3,631
17,3,632
17,3,633
17.5,3,634
17.5,3,635
17.5714285714286,3.42857142857143,636
17.4285714285714,3.42857142857143,637
17.5714285714286,3.42857142857143,638
17.5,3.5,639
17.5,3,640
17.5714285714286,3.42857142857143,641
NaN,NaN,642
3,4,643
16,4.5,644
16.2727272727273,4.31818181818182,645
14,7,646
18.5,11,647
12.5,6.5,648
19,15.5,649
4,13,650
4,12,651
3,12.5,652
12,14,653
12,13.5,654
16,14.5,655
17.5675675675676,2.83783783783784,656
6.41379310344828,2.93103448275862,657
11,3.5,658
17,3,659
17,2.5,660
17,2.5,661
12.25,3.29545454545455,662
9.12195121951219,2.80487804878049,663
9.5,2.5,664
19,2.5,665
12.5,2.5,666
15.4137931034483,2.93103448275862,667
15,17.5,668
11.4038461538462,4.86538461538461,669
10.9347826086957,4.04347826086957,670
5.5,5,671
5,4.5,672
5,4.5,673
4.57142857142857,4.57142857142857,674
4.57142857142857,4.57142857142857,675
5,4.5,676
5,4.5,677
4.5,5,678
4.5,4.5,679
5,4,680
4.57142857142857,4.57142857142857,681
4.57142857142857,4.57142857142857,682
4.5,4.5,683
5,4.5,684
5,4.5,685
5,4.5,686
4.5,4.5,687
4.57142857142857,4.57142857142857,688
4.57142857142857,4.57142857142857,689
4.5,4.5,690
4.5,4.5,691
5,4.5,692
4,5,693
4.5,4.5,694
4.5,4.5,695
4.57142857142857,4.57142857142857,696
4.5,4.5,697
NaN,NaN,698
5,4,699
5,5,700
5,4,701
5,4,702
4.57142857142857,4.57142857142857,703
5,4,704
5,4.5,705
5,4.5,706
5,4,707
5,5,708
5,4.5,709
4.5,4.5,710
NaN,NaN,711
5,4,712
4.5,4.5,713
4.57142857142857,4.57142857142857,714
4.57142857142857,4.57142857142857,715
5,4,716
4.5,5,717
4.5,5,718
4.57142857142857,4.57142857142857,719
5,4,720
4.57142857142857,4.57142857142857,721
4,5,722
4.57142857142857,4.57142857142857,723
5,4.5,724
4.5,4.5,725
5,4.5,726
5,4.5,727
5,4.5,728
4.42857142857143,4.42857142857143,729
5,2,730
3,3,731
18,2.5,732
19,3.5,733
17,20.5,734
18.5,6.5,735
11,11,736
3,8.5,737
7.5,3.5,738
7,7.5,739
19,11,740
12.9787234042553,16.5531914893617,741
9.10869565217391,18.4347826086957,742
7.66666666666667,12.3333333333333,743
5.57142857142857,3.57142857142857,744
17.5,2.5,745
19,3.5,746
5.11111111111111,2.44444444444444,747
4.5,2.5,748
4.5,2.5,749
4.5,2.5,750
4.5,2.5,751
4.5,2.5,752
4.5,2.5,753
4.5,2.5,754
4.5,2.5,755
4,2.5,756
4.5,2.5,757
4.5,2.5,758
4.5,2.5,759
4.5,2.5,760
4.5,2.5,761
4,2.5,762
4.5,2.5,763
4.5,2.5,764
4.5,2.5,765
4.5,2.5,766
4.5,2.5,767
4.5,2.5,768
4.5,2.5,769
4.5,2.5,770
4.5,2.5,771
4.5,2.5,772
4.5,2.5,773
4.5,2.5,774
4.5,2.5,775
4.5,2.5,776
4.5,2.5,777
4,2.5,778
4.5,2.5,779
4.5,2.5,780
4.5,2.5,781
4.5,2.5,782
4.5,2.5,783
4.5,2.5,784
4.5,2.5,785
4.5,2.5,786
4.5,2.5,787
4.5,2.5,788
4.5,2.5,789
4.5,2.5,790
4.5,2.5,791
4.5,2.5,792
4,2.5,793
4.5,2.5,794
4.5,2.5,795
4.5,2.5,796
4.5,2.5,797
4.5,2.5,798
4.5,2.5,799
4.5,2.5,800
4.5,2.5,801
4,2.5,802
4,2.5,803
4.5,2.5,804
4.5,2.5,805
4.5,2.5,806
4.5,2.5,807
4.5,2.5,808
4.5,2.5,809
4.5,2.5,810
4.5,2.5,811
4.5,2.5,812
4.5,2.5,813
4.5,2.5,814
4.5,2.5,815
4.5,2.5,816
4.5,2.5,817
4.5,2.5,818
4.5,2.5,819
4.5,2.5,820
4.5,2.5,821
4.5,2.5,822
4.5,2.5,823
4.5,2.5,824
4.5,2.5,825
4.5,2.5,826
4.5,2.5,827
4.5,2.5,828
4.5,2.5,829
4.5,2.5,830
4.5,2.5,831
4.5,2.5,832
4.5,2.5,833
4.5,2.5,834
4.5,2.5,835
4.5,2.5,836
4.41379310344828,2.93103448275862,837
8.41379310344828,2.93103448275862,838
14.4285714285714,3.42857142857143,839
3,12,840
16.7027027027027,2.83783783783784,841
10.0882352941176,2.94117647058824,842
4,3,843
3,7,844
6,22,845
16.5714285714286,3.57142857142857,846
7.6,10.1,847
11.4444444444444,5.55555555555556,848
15.1515151515152,2.87878787878788,849
9,19.5,850
7.1875,15.6875,851
7.42857142857143,4.42857142857143,852
3,13.5,853
8.5,3,854
10.5714285714286,4.42857142857143,855
10.5714285714286,4.42857142857143,856
10.5,4,857
11.4285714285714,3.42857142857143,858
13,4,859
17.5,6,860
16,2.5,861
18.5714285714286,3.42857142857143,862
4,2.5,863
18.5,2.5,864
12.5,2.5,865
9,3,866
16,3,867
17,3,868
14.5,3,869
11.5,10,870
19,17.5,871
18.5714285714286,5.42857142857143,872
19,7.5,873
10.6136363636364,15.5909090909091,874
3,9,875
7.05128205128205,12.4358974358974,876
14.3529411764706,3.38235294117647,877
9.5,3,878
6,4.5,879
NaN,NaN,880
3,3,881
19,4,882
3,3,883
5.5,3,884
7,10,885
NaN,NaN,886
14.6666666666667,14.3333333333333,887
9.10869565217391,13.5652173913043,888
10.4468085106383,12.9574468085106,889
12.8958333333333,16.5833333333333,890
3,3.5,891
8.38636363636364,14.5909090909091,892
14.875,15.625,893
14.6470588235294,3.38235294117647,894
5.53488372093023,4.55813953488372,895
9,18.5,896
12,17,897
12,4.5,898
4.5,2.5,899
4.5,2.5,900
4.5,2.5,901
7,2.5,902
11,2.5,903
5,2.5,904
12,4,905
10,3,906
9,3,907
8.91176470588235,2.94117647058824,908
9,3,909
9,3,910
9.5,3,911
9,3,912
8.91176470588235,2.94117647058824,913
8,2.5,914
19,3,915
NaN,NaN,916
NaN,NaN,917
11.125,3.375,918
12,4.5,919
9.5,3,920
5,2.5,921
5,2.5,922
4.5,2.5,923
11.5,3,924
4.5,2.5,925
16.3870967741935,2.45161290322581,926
5.73684210526316,3.28947368421053,927
13,3,928
14.5862068965517,2.93103448275862,929
16.0612244897959,10.469387755102,930
16.9387755102041,17.469387755102,931
11,11,932
18.6136363636364,23.4090909090909,933
12.8837209302326,18.093023255814,934
12.6136363636364,10.5909090909091,935
19,16,936
11.6875,12.8125,937
11.375,13.9166666666667,938
10.5348837209302,13.5581395348837,939
4,3,940
4.44186046511628,6.53488372093023,941
NaN,NaN,942
9.78571428571429,2.85714285714286,943
16.8484848484848,2.87878787878788,944
5,2.5,945
NaN,NaN,946
4.5,2.5,947
15.0882352941176,2.94117647058824,948
12.5,4,949
6,2.5,950
19.0689655172414,3.58620689655172,951
6,4,952
4.5,6.5,953
14.625,4,954
14.625,4,955
15,4,956
14.625,4,957
14.5714285714286,3.57142857142857,958
14.5714285714286,3.57142857142857,959
14.5714285714286,3.57142857142857,960
14.5714285714286,3.57142857142857,961
