x,y,t
16.4285714285714,3.57142857142857,1
3.375,3.875,2
13.3333333333333,2.91666666666667,3
16.962962962963,6.05555555555556,4
13.875,5.09375,5
9.04918032786885,3.29508196721311,6
15.9117647058824,2.94117647058824,7
10.4081632653061,2.95918367346939,8
17.5254237288136,8.05084745762712,9
16.0882352941176,2.94117647058824,10
18.8965517241379,4.56896551724138,11
7,11.5,12
6.14285714285714,10.6530612244898,13
8,5,14
19.6666666666667,6.79487179487179,15
3.55813953488372,4.53488372093023,16
19.5,3,17
4.5,3,18
7.33333333333333,4.66666666666667,19
16.2745098039216,2.84313725490196,20
4.56862745098039,4.03921568627451,21
16.2666666666667,3.86666666666667,22
20,6,23
18.622641509434,4.35849056603774,24
9.08333333333333,3.58333333333333,25
19.2051282051282,3.33333333333333,26
14.9508196721311,13.5081967213115,27
5.3695652173913,3.39130434782609,28
7.18367346938776,3.36734693877551,29
14.4918032786885,4.04918032786885,30
13.7931034482759,3.67241379310345,31
10.3695652173913,3.39130434782609,32
8.5,3.39130434782609,33
7.74,3.32,34
12,2.5,35
6.83333333333333,3.88888888888889,36
11.4102564102564,2.94871794871795,37
15.8139534883721,3.25581395348837,38
7.5,3,39
4.39130434782609,4.3695652173913,40
15.78,4.28,41
6.78571428571429,2.85714285714286,42
13.671875,5.359375,43
14.3333333333333,2.91666666666667,44
3.69230769230769,3.84615384615385,45
17.8235294117647,3.35294117647059,46
13.5555555555556,3.61111111111111,47
11.4210526315789,2.89473684210526,48
12.9285714285714,2.85714285714286,49
20,3.5,50
12.2244897959184,3.77551020408163,51
14.6323529411765,17.1470588235294,52
10.4137931034483,18.051724137931,53
9.03389830508475,15.4406779661017,54
10.7118644067797,15.7796610169492,55
7.31481481481481,14.6666666666667,56
7.70967741935484,14.258064516129,57
6.94444444444444,14.0185185185185,58
8,14,59
9.27272727272727,14.3636363636364,60
9,15,61
10,12,62
7.09677419354839,13.5322580645161,63
4.72727272727273,14.7272727272727,64
4.4,26.9,65
4,16.5,66
4.16666666666667,5.66666666666667,67
4.27272727272727,5.27272727272727,68
4,5.5,69
3.5,5,70
3.72727272727273,5.72727272727273,71
3.72727272727273,5.72727272727273,72
4.04918032786885,5.60655737704918,73
4.04918032786885,5.60655737704918,74
4,5.58333333333333,75
3.45762711864407,5.42372881355932,76
4.09677419354839,5.53225806451613,77
4,5,78
6.60714285714286,3.32142857142857,79
13.3333333333333,3.83333333333333,80
4.5,3,81
18,2.5,82
8.5,2.93103448275862,83
5.08823529411765,2.94117647058824,84
5.08823529411765,2.94117647058824,85
5.08823529411765,2.94117647058824,86
5.08823529411765,2.94117647058824,87
5,3,88
5,2.87878787878788,89
5.08823529411765,2.94117647058824,90
5.08823529411765,2.94117647058824,91
5.08823529411765,2.94117647058824,92
4.58620689655172,2.93103448275862,93
5,2.87878787878788,94
5,2.5,95
5,2.5,96
5,2.87878787878788,97
5,2.5,98
5,2.87878787878788,99
5,2.5,100
5,2.5,101
6,2.5,102
6,2.5,103
6,2.5,104
13,2.5,105
14,3,106
13.6304347826087,3.39130434782609,107
13.6666666666667,3.33333333333333,108
14.1764705882353,3.35294117647059,109
14.1,3.4,110
14.1764705882353,3.35294117647059,111
14.0408163265306,3.44897959183673,112
14.0909090909091,3.90909090909091,113
13.6530612244898,3.85714285714286,114
13.5555555555556,3.44444444444444,115
14.0588235294118,3.35294117647059,116
13.6666666666667,3.75,117
13.6363636363636,3.27272727272727,118
13.7222222222222,3.24074074074074,119
14,3.5,120
13.5,3,121
13.5,3,122
12.6363636363636,3.40909090909091,123
13,3,124
14,3.5,125
14.6666666666667,3.75,126
10.7,2.8,127
8.76666666666667,3.26666666666667,128
8.82352941176471,3.35294117647059,129
8.9,3.4,130
6.44444444444444,3.44444444444444,131
5.3695652173913,3.39130434782609,132
14.6578947368421,2.89473684210526,133
20,3.5,134
19.5,7,135
5.92682926829268,3.4390243902439,136
7.56603773584906,4.49056603773585,137
5.07317073170732,3.4390243902439,138
18.5,3,139
5.71111111111111,3.35555555555556,140
9,2.5,141
4,3.5,142
12.4210526315789,2.89473684210526,143
5.04347826086957,5.06521739130435,144
12.9571428571429,4.58571428571429,145
20,12,146
13.4406779661017,4.11864406779661,147
15,5,148
15,5,149
14.7,5.2,150
14.7,5.2,151
15,5,152
15,5,153
15,5,154
15,5,155
14.7272727272727,5.27272727272727,156
14.7272727272727,5.27272727272727,157
14.7272727272727,5.27272727272727,158
14.7272727272727,5.27272727272727,159
14.7272727272727,5.27272727272727,160
14.5,5.5,161
14.5,5.5,162
14.5423728813559,5.42372881355932,163
14.4576271186441,5.42372881355932,164
14.7586206896552,4.77586206896552,165
13.421875,5.4375,166
13.1551724137931,5.68965517241379,167
13.1551724137931,5.68965517241379,168
13.1551724137931,5.68965517241379,169
13.1551724137931,5.68965517241379,170
13.1551724137931,5.68965517241379,171
13.2033898305085,5.71186440677966,172
13.1551724137931,5.68965517241379,173
13.2033898305085,5.71186440677966,174
13.2033898305085,5.71186440677966,175
13.1551724137931,5.68965517241379,176
13.1551724137931,5.68965517241379,177
13.1186440677966,5.64406779661017,178
13.1551724137931,5.68965517241379,179
13.1551724137931,5.68965517241379,180
15.875,4.05357142857143,181
5.5,3,182
14.4,3.9,183
14.9090909090909,2.95454545454545,184
4,4,185
15.4754098360656,6.04918032786885,186
19.5,10.5,187
19.5714285714286,3.57142857142857,188
20.0454545454545,4.90909090909091,189
15.953125,4.890625,190
4.54545454545455,4.54545454545455,191
20.0588235294118,6.08823529411765,192
20.1951219512195,7.75609756097561,193
14.9464285714286,7.01785714285714,194
14.5862068965517,5.63793103448276,195
9.875,7.109375,196
9.4,5.05,197
8.5,3,198
9.5,3,199
9.5,3,200
9.5,3,201
9.91176470588235,2.94117647058824,202
9,2.87878787878788,203
8.91176470588235,2.94117647058824,204
8.91176470588235,2.94117647058824,205
8.91176470588235,2.94117647058824,206
8.91176470588235,2.94117647058824,207
8.91176470588235,2.94117647058824,208
8.91176470588235,2.94117647058824,209
8.91176470588235,2.94117647058824,210
7.44444444444444,3.33333333333333,211
7.5,3,212
7.27777777777778,3.33333333333333,213
7.81632653061224,3.26530612244898,214
7.74,3.32,215
7.74074074074074,3.7962962962963,216
7.3695652173913,3.39130434782609,217
7.44444444444444,3.33333333333333,218
3.57142857142857,3.57142857142857,219
5,3,220
8.5,2.82608695652174,221
15.5897435897436,2.94871794871795,222
14,3,223
13.3636363636364,3.36363636363636,224
13.2857142857143,3.32142857142857,225
13.3333333333333,3.33333333333333,226
12.8235294117647,3.35294117647059,227
12.8235294117647,3.35294117647059,228
13.2,3.29090909090909,229
12.5,3,230
12.9090909090909,2.95454545454545,231
13,2.5,232
13,2.5,233
13,2.5,234
11.5,2.5,235
11.5,2.5,236
11.5,2.5,237
11.4081632653061,2.95918367346939,238
12.9117647058824,2.94117647058824,239
12.9117647058824,2.94117647058824,240
12,2.90697674418605,241
14.3421052631579,2.89473684210526,242
10,2.92452830188679,243
5.5,3,244
16,2.5,245
11.9230769230769,2.88461538461538,246
10,20,247
5.83928571428571,3.875,248
5.89473684210526,3.91228070175439,249
12.3275862068966,2.93103448275862,250
12.9117647058824,2.94117647058824,251
12.9117647058824,2.94117647058824,252
8.27659574468085,2.87234042553191,253
8.07317073170732,3.4390243902439,254
9.5,3,255
10,3,256
10,3,257
10.3421052631579,2.89473684210526,258
9.5,3,259
9.5,3,260
10,3,261
9.5,3,262
12.5,2.5,263
13.6578947368421,2.89473684210526,264
13.6578947368421,2.89473684210526,265
13.6578947368421,2.89473684210526,266
14.0714285714286,2.85714285714286,267
14,2.90697674418605,268
14.0714285714286,2.85714285714286,269
14.0714285714286,2.85714285714286,270
14.0714285714286,2.85714285714286,271
14.0714285714286,2.85714285714286,272
9.20833333333333,4.33333333333333,273
18.4255319148936,4.5531914893617,274
16.2745098039216,2.84313725490196,275
4.5,3,276
16,2.5,277
16.4255319148936,2.87234042553191,278
16,3,279
16.0882352941176,2.94117647058824,280
16.0882352941176,2.94117647058824,281
16.0882352941176,2.94117647058824,282
16.0882352941176,2.94117647058824,283
16.0882352941176,2.94117647058824,284
17.0882352941176,2.94117647058824,285
14,2.5,286
3.57142857142857,3.42857142857143,287
9.04918032786885,3.29508196721311,288
10.1,4.4,289
18.1590909090909,3.79545454545455,290
20,3.5,291
15.5967741935484,3.91935483870968,292
18.5762711864407,15.9830508474576,293
10.2727272727273,10.2727272727273,294
9.29508196721311,8.24590163934426,295
8.08333333333333,6.41666666666667,296
6.953125,6.03125,297
6.96923076923077,5.96923076923077,298
6.953125,6.03125,299
6.953125,6.03125,300
6.61016949152542,5.86440677966102,301
6.953125,6.03125,302
6.61016949152542,5.86440677966102,303
6.61016949152542,5.86440677966102,304
6.71186440677966,5.77966101694915,305
11.5,2.5,306
10.5,2.5,307
10.5,2.5,308
10.5,2.5,309
10.5,2.5,310
10.5,2.5,311
10.5,2.5,312
10.5,2.5,313
10.5,2.5,314
10.5,2.5,315
10.5,2.5,316
10.5,2.5,317
10,2.5,318
10,2.5,319
9.91176470588235,2.94117647058824,320
9.91176470588235,2.94117647058824,321
9.91176470588235,2.94117647058824,322
10,2.87878787878788,323
10,2.87878787878788,324
9.91176470588235,2.94117647058824,325
9.91176470588235,2.94117647058824,326
10,2.87878787878788,327
10,2.87878787878788,328
7,2.92452830188679,329
13,2.5,330
13,2.5,331
12.5,2.5,332
13,2.5,333
12.5,2.5,334
12.5,2.5,335
13,2.5,336
13.5,2.5,337
13.5,2.5,338
13,2.5,339
13,2.5,340
13,2.5,341
7.09090909090909,2.95454545454545,342
14,3,343
18.0491803278689,18.4918032786885,344
19.530612244898,5.91836734693878,345
19.734693877551,5.71428571428571,346
19.7592592592593,5.27777777777778,347
19.7592592592593,5.27777777777778,348
19.68,5.74,349
19.734693877551,5.71428571428571,350
19.7592592592593,5.27777777777778,351
19.7592592592593,5.27777777777778,352
19.734693877551,5.71428571428571,353
19.734693877551,5.71428571428571,354
19.7592592592593,5.27777777777778,355
19.734693877551,5.71428571428571,356
20.0408163265306,5.40816326530612,357
20.0408163265306,5.40816326530612,358
20.0408163265306,5.40816326530612,359
20.0408163265306,5.40816326530612,360
20.0408163265306,5.40816326530612,361
20.0408163265306,5.40816326530612,362
20.0408163265306,5.40816326530612,363
20.0408163265306,5.40816326530612,364
20.0408163265306,5.40816326530612,365
19.625,4.125,366
20.5,3.5,367
20.5,3.5,368
20.5,3.5,369
20.5,3.5,370
20.5,3.5,371
20.5,3.5,372
20.5,3.5,373
20.5,3.5,374
20.5,3.5,375
20.5,3.5,376
20.5,3.5,377
20.5,3.5,378
20.5,3.5,379
20.5,3.5,380
20.5,3.5,381
20.5,3.5,382
20.5,3.5,383
20.5,3.5,384
20.5,3.5,385
20.5,3.5,386
20.0689655172414,3.41379310344828,387
20.5,3.5,388
20.5,3.5,389
20.5,3.5,390
20.0689655172414,3.41379310344828,391
20.5,3.5,392
20.0689655172414,3.41379310344828,393
20.0689655172414,3.41379310344828,394
20.0689655172414,3.41379310344828,395
20.0689655172414,3.41379310344828,396
20.0689655172414,3.41379310344828,397
20.0689655172414,3.41379310344828,398
20.0689655172414,3.41379310344828,399
20.0689655172414,3.41379310344828,400
20.0689655172414,3.41379310344828,401
20.0689655172414,3.41379310344828,402
20.0689655172414,3.41379310344828,403
20.0689655172414,3.41379310344828,404
20.0689655172414,3.41379310344828,405
16.6724137931034,2.93103448275862,406
8.5,3.5,407
18.4193548387097,5.41935483870968,408
19.5,3,409
18,2.5,410
20.5,5,411
6.2,5.3,412
20,12,413
5,3,414
5.08823529411765,2.94117647058824,415
3.5,3,416
5,2.87878787878788,417
18,2.5,418
17.7241379310345,4.74137931034483,419
17.0681818181818,3.97727272727273,420
16.5555555555556,3.33333333333333,421
8.27272727272727,3.27272727272727,422
9.23913043478261,2.82608695652174,423
8.40816326530612,2.95918367346939,424
4.94117647058824,3.64705882352941,425
9.90740740740741,2.96296296296296,426
18.5769230769231,7.11538461538461,427
18.03125,15.046875,428
3.5,5,429
13.8163265306122,3.36734693877551,430
20,10.5,431
19.5714285714286,6.42857142857143,432
10.4333333333333,6.1,433
9.04918032786885,7.49180327868852,434
20,9,435
19.6086956521739,9.6304347826087,436
17,13,437
4.33333333333333,18.3333333333333,438
9.32142857142857,6.71428571428571,439
9.4,6.05,440
9.34375,5.640625,441
8.640625,5.40625,442
8.68253968253968,5.3015873015873,443
8.58461538461538,5.33846153846154,444
8.23188405797101,5.23188405797101,445
8.58461538461538,5.33846153846154,446
8.640625,5.328125,447
8.640625,5.328125,448
8.56060606060606,5.39393939393939,449
8.640625,5.328125,450
8.61538461538461,5.38461538461539,451
8.61538461538461,5.38461538461539,452
8.51515151515152,5.53030303030303,453
8.19718309859155,5.42253521126761,454
8.15714285714286,5.38571428571429,455
8.47692307692308,5.56923076923077,456
8.51515151515152,5.53030303030303,457
8.47692307692308,5.56923076923077,458
8.47692307692308,5.56923076923077,459
8.15714285714286,5.38571428571429,460
8.203125,5.828125,461
8.18461538461538,5.89230769230769,462
8.08695652173913,5.53623188405797,463
8.203125,5.828125,464
8.18461538461538,5.89230769230769,465
8.18461538461538,5.89230769230769,466
8.18461538461538,5.89230769230769,467
8.13636363636364,5.90909090909091,468
8.18461538461538,5.89230769230769,469
8.15873015873016,5.79365079365079,470
8.04615384615385,5.83076923076923,471
8.04615384615385,5.83076923076923,472
8.04615384615385,5.83076923076923,473
8.01515151515152,5.86363636363636,474
8.04615384615385,5.83076923076923,475
9.51428571428571,4.1,476
11.4920634920635,3.93650793650794,477
11.4920634920635,3.93650793650794,478
11.3030303030303,3.74242424242424,479
11.3030303030303,3.74242424242424,480
11.3030303030303,3.74242424242424,481
11.5714285714286,3.85714285714286,482
11.5714285714286,3.85714285714286,483
11.4920634920635,3.93650793650794,484
11.4920634920635,3.93650793650794,485
11.5625,3.90625,486
11.5625,3.90625,487
11.4920634920635,3.93650793650794,488
11.5625,3.90625,489
11.5625,3.90625,490
11.5714285714286,3.85714285714286,491
11.5714285714286,3.85714285714286,492
11.5714285714286,3.85714285714286,493
10.1666666666667,3.25,494
14.5,3,495
3.57142857142857,3.42857142857143,496
16.26,3.32,497
15.75,3.29545454545455,498
15.75,3.29545454545455,499
15.7647058823529,3.74509803921569,500
16.0731707317073,3.4390243902439,501
15.1666666666667,3.88888888888889,502
15.4181818181818,3.65454545454545,503
5,3,504
7.86274509803922,2.84313725490196,505
13.6379310344828,3.82758620689655,506
13.5423728813559,6.42372881355932,507
18.4074074074074,11.5925925925926,508
20.1621621621622,4.2972972972973,509
20.1951219512195,4.75609756097561,510
18.5,4,511
8.3421052631579,2.89473684210526,512
16,4,513
18,2.5,514
8.03703703703704,4.92592592592593,515
10.3333333333333,2.77777777777778,516
7.89473684210526,6.94736842105263,517
10.5,4.5,518
11.3333333333333,4.33333333333333,519
11.5,4.5,520
13.9117647058824,2.94117647058824,521
9.83720930232558,2.90697674418605,522
9.78571428571429,2.85714285714286,523
9.83720930232558,2.90697674418605,524
9.78571428571429,2.85714285714286,525
9.78571428571429,2.85714285714286,526
9.78571428571429,2.85714285714286,527
9.78571428571429,2.85714285714286,528
9.78571428571429,2.85714285714286,529
9.78571428571429,2.85714285714286,530
9.78571428571429,2.85714285714286,531
9.83720930232558,2.90697674418605,532
9.78571428571429,2.85714285714286,533
9.83720930232558,2.90697674418605,534
9.78571428571429,2.85714285714286,535
9.78571428571429,2.85714285714286,536
9.78571428571429,2.85714285714286,537
9.78571428571429,2.85714285714286,538
9.78571428571429,2.85714285714286,539
9.78571428571429,2.85714285714286,540
9.78571428571429,2.85714285714286,541
9.83720930232558,2.90697674418605,542
9.78571428571429,2.85714285714286,543
9.83720930232558,2.90697674418605,544
9.78571428571429,2.85714285714286,545
9.42553191489362,2.87234042553191,546
9.83720930232558,2.90697674418605,547
9.78571428571429,2.85714285714286,548
9.78571428571429,2.85714285714286,549
9.78571428571429,2.85714285714286,550
9.78571428571429,2.85714285714286,551
9.78571428571429,2.85714285714286,552
9.78571428571429,2.85714285714286,553
9.83720930232558,2.90697674418605,554
9.78571428571429,2.85714285714286,555
9.78571428571429,2.85714285714286,556
6.09090909090909,2.95454545454545,557
8.5,2.82608695652174,558
6.34210526315789,2.89473684210526,559
16.5510204081633,3.95918367346939,560
18.5423728813559,4.96610169491525,561
4,7,562
13.1698113207547,2.92452830188679,563
13,2.5,564
17.7608695652174,2.82608695652174,565
11.4761904761905,4.44444444444444,566
9.28571428571429,17.6785714285714,567
14.9166666666667,8.41666666666667,568
15.9056603773585,7.92452830188679,569
15.7272727272727,6.72727272727273,570
15.7272727272727,6.72727272727273,571
15.8333333333333,6.33333333333333,572
15.75,6.25,573
15.8333333333333,6.33333333333333,574
15.8333333333333,6.33333333333333,575
15.9310344827586,6.39655172413793,576
15.75,6.25,577
16,5.5,578
15.9661016949153,5.44067796610169,579
15.9661016949153,5.44067796610169,580
15.9661016949153,5.44067796610169,581
15.9661016949153,5.44067796610169,582
15.9661016949153,5.44067796610169,583
16.0666666666667,5.63333333333333,584
16.0666666666667,5.63333333333333,585
16.0666666666667,5.63333333333333,586
16.0666666666667,5.63333333333333,587
5.34210526315789,2.89473684210526,588
17,3.5,589
4,13.5,590
7.72727272727273,6.72727272727273,591
8.42372881355932,6.45762711864407,592
8,6.5,593
8.42372881355932,6.45762711864407,594
8,6.5,595
8,6.5,596
8,6.5,597
8,6.5,598
8.42372881355932,6.45762711864407,599
8.42372881355932,6.45762711864407,600
8.42372881355932,6.45762711864407,601
8.11864406779661,5.54237288135593,602
7.56410256410256,4.05128205128205,603
4,3.375,604
14.6666666666667,2.77777777777778,605
17,3,606
16.3333333333333,3.79166666666667,607
17,3,608
16.2884615384615,3.78846153846154,609
16,3,610
16,3.375,611
16.5,3.5,612
15.8409090909091,3.84090909090909,613
16,3,614
16.3673469387755,3.83673469387755,615
15.0681818181818,3.75,616
15,3,617
7.59183673469388,2.95918367346939,618
13.9827586206897,4.51724137931035,619
20.5,4.5,620
16.0882352941176,2.94117647058824,621
7.83050847457627,3.38983050847458,622
17.3703703703704,3.42592592592593,623
19.5,3,624
4,12,625
16.65625,5.359375,626
8,3.77777777777778,627
13.5,2.5,628
15.906976744186,3.88372093023256,629
17.9285714285714,2.85714285714286,630
19.5,5,631
15.421875,11.421875,632
6.29508196721311,25.2459016393443,633
7.15384615384615,5.84615384615385,634
7.25,6.25,635
7.25,6.25,636
7.25,6.25,637
7.25,6.25,638
7.25,6.25,639
7.25,6.25,640
7.25,6.25,641
7.25,6.25,642
7.25,6.25,643
7.25,6.25,644
7.25,6.25,645
7.25,6.25,646
7.19672131147541,6.27868852459016,647
7.19672131147541,6.27868852459016,648
7.19672131147541,6.27868852459016,649
7.19672131147541,6.27868852459016,650
7.61538461538461,6.46153846153846,651
7.61538461538461,6.46153846153846,652
7.61538461538461,6.46153846153846,653
7.61538461538461,6.46153846153846,654
7.53846153846154,6.53846153846154,655
7.546875,6.484375,656
7.61538461538461,6.46153846153846,657
7.67796610169492,6.77966101694915,658
7.75,6.75,659
7.75,6.75,660
7.75,6.75,661
7.75,6.75,662
7.75,6.75,663
7.53846153846154,6.53846153846154,664
8.04918032786885,6.45901639344262,665
8.04918032786885,6.45901639344262,666
8.08333333333333,6.41666666666667,667
8.04918032786885,6.45901639344262,668
8.04918032786885,6.45901639344262,669
8.04918032786885,6.45901639344262,670
8.04918032786885,6.45901639344262,671
8.5,6.5,672
8.34426229508197,5.95081967213115,673
14.9833333333333,5.51666666666667,674
15.6,5.05,675
15.5151515151515,5.39393939393939,676
15.5573770491803,5.01639344262295,677
15.5538461538462,5.43076923076923,678
15.8985507246377,5.31884057971014,679
16.1692307692308,5.12307692307692,680
16.1692307692308,5.12307692307692,681
15.9272727272727,4.87272727272727,682
15.6,5.05,683
15.3692307692308,5.43076923076923,684
20.1621621621622,4.7027027027027,685
18.1666666666667,7.66666666666667,686
20,18.5,687
15.7049180327869,8.78688524590164,688
15.9508196721311,8.54098360655738,689
15.9508196721311,8.54098360655738,690
15.9508196721311,8.54098360655738,691
15.7049180327869,8.78688524590164,692
15.3333333333333,8.16666666666667,693
15.7049180327869,8.78688524590164,694
15.5454545454545,8.45454545454546,695
15.5737704918033,9.0327868852459,696
15.5,9,697
15.5,9,698
15.5,9,699
15.4918032786885,8.95081967213115,700
15.4918032786885,8.95081967213115,701
15.4918032786885,8.95081967213115,702
15.4918032786885,8.95081967213115,703
15.4918032786885,8.95081967213115,704
15.7142857142857,8.67857142857143,705
15.7142857142857,8.67857142857143,706
15.7142857142857,8.67857142857143,707
15.7142857142857,8.67857142857143,708
15.7142857142857,8.67857142857143,709
15.7142857142857,8.67857142857143,710
15.5762711864407,8.54237288135593,711
15.5,8.5,712
15.5,8.5,713
16.1475409836066,8.62295081967213,714
16.0634920634921,8.53968253968254,715
16.1129032258065,8.58064516129032,716
16.0634920634921,8.53968253968254,717
15.6379310344828,8.58620689655172,718
15.5762711864407,8.54237288135593,719
15.6379310344828,8.58620689655172,720
15.5762711864407,8.54237288135593,721
15.9230769230769,8.46153846153846,722
15.5,8.5,723
15.3620689655172,8.41379310344828,724
15.5714285714286,8.14285714285714,725
15.5737704918033,8.0327868852459,726
15.5,8,727
15.5,8,728
15.5,8,729
15.5,8,730
15.5238095238095,8.04761904761905,731
15.5967741935484,8.08064516129032,732
15.5737704918033,8.0327868852459,733
15.5,8,734
15.5,8,735
15.5,8,736
15.5737704918033,8.0327868852459,737
15.5967741935484,8.08064516129032,738
15.5,8,739
15.5,8,740
15.5,8,741
14.4714285714286,5.62857142857143,742
20.5,4.5,743
5.08823529411765,2.94117647058824,744
18.2439024390244,2.80487804878049,745
16,2.5,746
4.88888888888889,3.88888888888889,747
7.39622641509434,6.33962264150943,748
6.96296296296296,5.94444444444444,749
15.0612244897959,4.48979591836735,750
3.625,3.875,751
5.82352941176471,3.35294117647059,752
5.3695652173913,3.39130434782609,753
9.57446808510638,3.4468085106383,754
9.6304347826087,3.39130434782609,755
10.6304347826087,2.82608695652174,756
3.57142857142857,3.57142857142857,757
9.59420289855072,4.95652173913043,758
18.5294117647059,5.05882352941176,759
18.0588235294118,9.35294117647059,760
18.2142857142857,2.85714285714286,761
18.3793103448276,4.22413793103448,762
4,3.5,763
8.94642857142857,5.01785714285714,764
15.9117647058824,2.94117647058824,765
15.3421052631579,2.89473684210526,766
7,2.5,767
16.5633802816901,16.0140845070423,768
18.5,31.9,769
14.9166666666667,17.5833333333333,770
15.1818181818182,4.81818181818182,771
15.2,5,772
16.5686274509804,5.96078431372549,773
16.1836734693878,3.36734693877551,774
16.1607142857143,4.125,775
16.1607142857143,4.125,776
15.983606557377,4.44262295081967,777
16.0166666666667,4.48333333333333,778
15.5,4,779
15.1228070175439,3.71929824561404,780
14.5,3,781
14.5,3,782
15,3,783
13.7142857142857,3.26530612244898,784
13.7142857142857,3.26530612244898,785
13.9090909090909,2.95454545454545,786
13.6458333333333,3.22916666666667,787
12.3703703703704,3.24074074074074,788
12.3703703703704,3.24074074074074,789
13.6458333333333,3.22916666666667,790
13.6458333333333,3.22916666666667,791
13.6458333333333,3.22916666666667,792
13.6458333333333,3.22916666666667,793
13.6458333333333,3.22916666666667,794
13.6458333333333,3.22916666666667,795
13.6458333333333,3.22916666666667,796
13.6792452830189,3.77358490566038,797
12.25,3.29545454545455,798
12.6458333333333,3.22916666666667,799
12.25,3.29545454545455,800
12.6458333333333,3.22916666666667,801
12.3265306122449,3.77551020408163,802
12.3636363636364,3.40909090909091,803
12.3636363636364,3.40909090909091,804
12.3636363636364,3.40909090909091,805
13,4.5,806
13,4.5,807
13,4.5,808
13,4.5,809
13,4.5,810
13,4.5,811
13,4.5,812
13,4.5,813
13,4.5,814
13,4.5,815
13,4.5,816
13,4.5,817
13,4.5,818
16.0892857142857,4.44642857142857,819
11.5918367346939,2.95918367346939,820
11.5918367346939,2.95918367346939,821
11.5918367346939,2.95918367346939,822
11.5918367346939,2.95918367346939,823
11.5918367346939,2.95918367346939,824
11.5918367346939,2.95918367346939,825
11.5918367346939,2.95918367346939,826
11.5918367346939,2.95918367346939,827
6.90909090909091,2.95454545454545,828
6,3,829
14,2.90697674418605,830
8.7741935483871,4.66129032258065,831
5.96610169491525,8.4406779661017,832
6.16666666666667,4.66666666666667,833
8.58333333333333,3.91666666666667,834
13.5076923076923,6.44615384615385,835
20.1212121212121,3.84848484848485,836
7,2.5,837
16.3333333333333,6.83333333333333,838
18.4137931034483,15.9310344827586,839
19.4074074074074,6.57407407407407,840
19.3469387755102,6.12244897959184,841
19.6607142857143,6.23214285714286,842
20.5,3.5,843
12.8163265306122,3.36734693877551,844
12.875,3.41666666666667,845
12.4,3.9,846
12.9056603773585,3.83018867924528,847
12.7777777777778,3.77777777777778,848
12.8235294117647,3.35294117647059,849
12.8181818181818,3.81818181818182,850
12.875,3.41666666666667,851
12.74,3.32,852
12.3333333333333,2.91666666666667,853
11.4081632653061,2.95918367346939,854
11.3275862068966,2.93103448275862,855
10.9074074074074,2.96296296296296,856
11.9230769230769,2.88461538461538,857
11.9230769230769,2.88461538461538,858
11.5,2.91666666666667,859
11.9230769230769,2.88461538461538,860
11.9090909090909,2.95454545454545,861
11.4081632653061,2.95918367346939,862
11.0769230769231,2.88461538461538,863
11.9090909090909,2.95454545454545,864
11.5,2.91666666666667,865
11.5,2.91666666666667,866
11.5,2.91666666666667,867
11.8301886792453,2.92452830188679,868
11.8301886792453,2.92452830188679,869
11.8301886792453,2.92452830188679,870
12.3333333333333,2.91666666666667,871
11.4081632653061,2.95918367346939,872
11.9090909090909,2.95454545454545,873
11.9090909090909,2.95454545454545,874
11.9090909090909,2.95454545454545,875
11.9090909090909,2.95454545454545,876
11.5,2.91666666666667,877
11.9090909090909,2.95454545454545,878
11.5,2.91666666666667,879
11.4081632653061,2.95918367346939,880
11.4081632653061,2.95918367346939,881
11.4081632653061,2.95918367346939,882
11.9090909090909,2.95454545454545,883
11.9090909090909,2.95454545454545,884
11.5,2.91666666666667,885
11.9090909090909,2.95454545454545,886
12.3333333333333,2.91666666666667,887
11.9090909090909,2.95454545454545,888
11.9090909090909,2.95454545454545,889
11.9090909090909,2.95454545454545,890
11.9090909090909,2.95454545454545,891
11.9090909090909,2.95454545454545,892
11.9090909090909,2.95454545454545,893
11.9090909090909,2.95454545454545,894
11.9090909090909,2.95454545454545,895
11.9090909090909,2.95454545454545,896
11.9090909090909,2.95454545454545,897
11.9090909090909,2.95454545454545,898
11.9090909090909,2.95454545454545,899
12,3,900
9.90740740740741,2.96296296296296,901
5.83333333333333,3.88888888888889,902
12.5,2.5,903
10.4067796610169,2.96610169491525,904
20.1212121212121,3.84848484848485,905
20.2222222222222,5.66666666666667,906
18.5897435897436,2.94871794871795,907
18.5,3,908
19,3,909
19,3,910
19,3,911
19,3,912
19.125,3.375,913
19.125,3.375,914
19,3,915
19.125,3.375,916
18.0754716981132,3.45283018867925,917
18.5,3,918
18.5,3,919
19,3,920
18.5,3,921
18.5,3,922
18.5,3,923
18.5,3,924
18.5,3,925
18,3,926
18.2,3.3,927
5.5,3,928
13.74,3.32,929
7.91176470588235,2.94117647058824,930
14.0925925925926,2.96296296296296,931
18.2142857142857,2.85714285714286,932
12.9152542372881,3.64406779661017,933
18.8484848484848,2.87878787878788,934
19.6041666666667,12.9375,935
16.4333333333333,5.1,936
19.2727272727273,22.2727272727273,937
10,14.5,938
8,6,939
5.51923076923077,6.11538461538461,940
8.8125,6.203125,941
20,5,942
20.5,4,943
20.1212121212121,4,944
20.0689655172414,3.58620689655172,945
20.5,4,946
20.0689655172414,3.58620689655172,947
20.0689655172414,3.58620689655172,948
20.0689655172414,3.58620689655172,949
20.0689655172414,3.58620689655172,950
20.0689655172414,3.58620689655172,951
20.0689655172414,3.58620689655172,952
20.0689655172414,3.58620689655172,953
20.0454545454545,5.09090909090909,954
20.2222222222222,5.66666666666667,955
20.2222222222222,5.66666666666667,956
20.2222222222222,5.66666666666667,957
20.2222222222222,5.66666666666667,958
20.2222222222222,5.66666666666667,959
20.2222222222222,5.66666666666667,960
19.4358974358974,4.94871794871795,961
