x,y,t
19.8076923076923,2.38461538461538,1
19.5,2.5,2
19.5,2.5,3
20.5,2.5,4
19.5,2.5,5
20.5,2.5,6
20.5,2.5,7
19.5,2.5,8
19.5,2.5,9
20.5,2.5,10
20.5,2.5,11
21,2.5,12
20,2.5,13
21,2.5,14
21,2.5,15
21,2.5,16
21,2.5,17
21,2.5,18
21,2.5,19
21,2.5,20
21,2.5,21
21,2.5,22
21,2.5,23
21,2.5,24
21,2.5,25
21,2.5,26
21,2.5,27
21,2.5,28
21,2.5,29
21,2.5,30
21,2.5,31
21,2.5,32
21,2.5,33
21,2.5,34
21,2.5,35
21,2.5,36
21,2.5,37
21,2.5,38
21,2.5,39
21,2.5,40
21,2.5,41
21,2.5,42
21,2.5,43
21,2.5,44
21,2.5,45
21,2.5,46
21,2.5,47
21,2.5,48
21,2.5,49
21,2.5,50
13,2.5,51
19.0882352941176,2.94117647058824,52
17.9117647058824,2.94117647058824,53
7.71428571428571,3.32142857142857,54
9.86538461538461,3.40384615384615,55
11,3.5,56
10.3695652173913,3.39130434782609,57
6.07317073170732,3.4390243902439,58
7,3,59
7.33333333333333,3.33333333333333,60
7.5,3,61
7.5,3,62
7.5,3,63
7.5,3,64
7.36363636363636,3.27272727272727,65
7.90740740740741,2.96296296296296,66
7.5,3,67
7.5,3,68
7.36363636363636,3.27272727272727,69
7.36363636363636,3.27272727272727,70
7.36363636363636,3.27272727272727,71
7.28571428571429,3.32142857142857,72
8.1,3.3,73
9.05882352941176,3.54901960784314,74
8.60714285714286,3.58928571428571,75
8.60714285714286,3.58928571428571,76
8.60714285714286,3.58928571428571,77
8.54545454545454,3.54545454545455,78
8.54545454545454,3.54545454545455,79
8.54545454545454,3.54545454545455,80
8.54545454545454,3.54545454545455,81
8.54545454545454,3.54545454545455,82
9.05882352941176,3.54901960784314,83
9.05882352941176,3.54901960784314,84
8.92452830188679,3.45283018867925,85
11.4313725490196,3.96078431372549,86
10.3695652173913,3.39130434782609,87
10.3695652173913,3.39130434782609,88
10.3695652173913,3.39130434782609,89
10.3695652173913,3.39130434782609,90
10.3695652173913,3.39130434782609,91
10.3695652173913,3.39130434782609,92
10.5,3,93
11.0731707317073,3.4390243902439,94
13.5,3,95
13.0731707317073,3.4390243902439,96
13.5,3.39130434782609,97
13.5555555555556,3.44444444444444,98
13.6304347826087,3.39130434782609,99
13.6304347826087,3.39130434782609,100
13.6304347826087,3.39130434782609,101
13.6304347826087,3.39130434782609,102
13.6304347826087,3.39130434782609,103
13,3,104
13.5555555555556,3.44444444444444,105
13,3.5,106
10.4545454545455,3.45454545454545,107
11.5,3,108
12,3.375,109
19,2.87878787878788,110
19,2.87878787878788,111
19,2.5,112
19,2.5,113
19,2.5,114
19,2.5,115
19.1515151515152,2.87878787878788,116
19.1515151515152,2.87878787878788,117
19,2.5,118
19,2.5,119
19,2.5,120
19,2.5,121
19,2.5,122
19,2.5,123
19,2.5,124
19,2.5,125
19,2.5,126
19,2.5,127
19,2.5,128
19,2.5,129
19,2.5,130
19,2.5,131
19,2.5,132
19,2.5,133
19,2.5,134
19,2.5,135
19,2.5,136
19,2.5,137
19,2.5,138
19,2.5,139
19,2.5,140
19,2.5,141
19,2.5,142
19,2.5,143
19,2.5,144
18.5,2.5,145
18.5,2.5,146
18.4137931034483,2.93103448275862,147
18.5,3,148
18.5,3,149
18.5,3,150
18.5862068965517,2.93103448275862,151
18.5862068965517,2.93103448275862,152
18.5862068965517,2.93103448275862,153
18.5862068965517,2.93103448275862,154
18.5862068965517,2.93103448275862,155
19,2.5,156
19,3,157
17.9285714285714,2.85714285714286,158
17.8372093023256,2.90697674418605,159
17.8372093023256,2.90697674418605,160
17.8372093023256,2.90697674418605,161
17.8372093023256,2.90697674418605,162
17.9090909090909,2.95454545454545,163
18.4102564102564,2.94871794871795,164
18.3421052631579,2.89473684210526,165
17.8372093023256,2.90697674418605,166
17.8372093023256,2.90697674418605,167
18.3421052631579,2.89473684210526,168
18.3421052631579,2.89473684210526,169
18.2888888888889,3.35555555555556,170
16.8163265306122,3.26530612244898,171
16.8372093023256,2.90697674418605,172
16.8372093023256,2.90697674418605,173
17.25,3.29545454545455,174
17.1860465116279,3.25581395348837,175
17.25,3.29545454545455,176
17.1860465116279,3.25581395348837,177
17.25,3.29545454545455,178
17.1860465116279,3.25581395348837,179
17.5,3.17391304347826,180
17,2.90697674418605,181
18.7111111111111,3.35555555555556,182
18.4102564102564,2.94871794871795,183
18.5897435897436,2.94871794871795,184
18.5897435897436,2.94871794871795,185
18.5897435897436,2.94871794871795,186
18.5897435897436,2.94871794871795,187
18.5897435897436,2.94871794871795,188
18.5897435897436,2.94871794871795,189
18.5897435897436,2.94871794871795,190
18.5897435897436,2.94871794871795,191
18.5897435897436,2.94871794871795,192
18.5897435897436,2.94871794871795,193
18.5897435897436,2.94871794871795,194
18.5897435897436,2.94871794871795,195
18.5897435897436,2.94871794871795,196
18.5897435897436,2.94871794871795,197
18.5897435897436,2.94871794871795,198
18.5897435897436,2.94871794871795,199
18.5897435897436,2.94871794871795,200
18.8372093023256,2.90697674418605,201
18.0909090909091,2.95454545454545,202
18.0909090909091,2.95454545454545,203
18.0909090909091,2.95454545454545,204
19.5,2.89473684210526,205
19,2.5,206
NaN,NaN,207
20.5,2.5,208
20,2.5,209
20,2.5,210
20,2.5,211
20,2.5,212
20,2.5,213
20,2.5,214
20,2.5,215
20,2.5,216
20,2.5,217
20,2.5,218
20,2.5,219
20,2.5,220
20,2.5,221
20,2.5,222
20,2.5,223
20,2.5,224
20,2.5,225
20,2.5,226
20,2.5,227
20,2.5,228
20,2.5,229
20,2.5,230
20,2.5,231
20,2.5,232
20,2.5,233
20,2.5,234
20,2.5,235
20,2.5,236
20,2.5,237
20,2.5,238
20,2.5,239
20,2.5,240
20,2.5,241
20,2.5,242
20,2.5,243
20,2.5,244
20,2.5,245
20,2.5,246
20,2.5,247
20,2.5,248
20,2.5,249
20,2.5,250
20,2.5,251
20,2.5,252
20,2.5,253
20,2.5,254
20,2.5,255
20,2.5,256
20,2.5,257
20,2.5,258
20,2.5,259
20,2.5,260
20,2.5,261
20,2.5,262
20,2.5,263
20,2.5,264
20,2.5,265
20,2.5,266
20,2.5,267
20,2.5,268
20,2.5,269
20,2.5,270
20,2.5,271
20,2.5,272
20,2.5,273
20,2.5,274
20,2.5,275
20,2.5,276
20,2.5,277
20,2.5,278
20,2.5,279
20,2.5,280
20,2.5,281
20,2.5,282
20,2.5,283
20,2.5,284
20,2.5,285
20,2.5,286
20,2.5,287
20,2.5,288
20,2.5,289
20,2.5,290
20,2.5,291
20,2.5,292
20,2.5,293
20,2.5,294
20,2.5,295
20,2.5,296
20,2.5,297
20,2.5,298
20,2.5,299
20,2.5,300
20,2.5,301
20,2.5,302
20,2.5,303
20,2.5,304
20,2.5,305
20,2.5,306
20,2.5,307
20,2.5,308
20,2.5,309
20,2.5,310
20,2.5,311
20,2.5,312
20,2.5,313
20,2.5,314
20,2.5,315
20,2.5,316
20,2.5,317
20,2.5,318
20,2.5,319
20,2.5,320
20,2.5,321
20,2.5,322
20,2.5,323
20,2.5,324
20,2.5,325
20,2.5,326
20,2.5,327
20,2.5,328
20,2.5,329
20,2.5,330
20,2.5,331
20,2.5,332
20,2.5,333
20,2.5,334
20,2.5,335
20,2.5,336
20,2.5,337
20,2.5,338
19.5862068965517,2.93103448275862,339
19.5,3,340
19.5,3,341
20,2.5,342
20,2.5,343
20,2.5,344
20,2.5,345
20,2.5,346
20,2.5,347
20,2.5,348
20,2.5,349
20,2.5,350
20,2.5,351
20,2.5,352
20,2.5,353
20,2.5,354
20,2.5,355
20,2.5,356
20,2.5,357
20,2.5,358
20,2.5,359
20,2.5,360
20,2.5,361
20,2.5,362
20,2.5,363
20,2.5,364
19.5,2.5,365
19.5,2.5,366
20,2.5,367
20,2.5,368
19.5,2.5,369
20,2.5,370
20,2.5,371
19.5,2.5,372
20,2.5,373
19.5,2.5,374
20,2.5,375
19.5,2.5,376
20,2.5,377
19.5,2.5,378
20,2.5,379
19.5,2.5,380
19.5,2.5,381
19.5,2.5,382
20,2.5,383
20,2.5,384
20,2.5,385
19.5,2.5,386
20,2.5,387
19.5,2.5,388
20,2.5,389
20,2.5,390
20,2.5,391
20,2.5,392
20,2.5,393
20,2.5,394
19.5,2.5,395
19.5,2.5,396
19.5,2.5,397
19.5,2.5,398
20,2.5,399
20,2.5,400
19.5,2.5,401
19.5,2.5,402
20,2.5,403
19.5,2.5,404
19.5,2.5,405
20,2.5,406
20,2.5,407
19.5,2.5,408
19.5,2.5,409
19.5,2.5,410
19.5,2.5,411
19.5,2.5,412
20,2.5,413
19.5,2.5,414
19.5,2.5,415
19.5,2.5,416
19.5,2.5,417
19.5,2.5,418
19.5,2.5,419
20,2.5,420
20,2.5,421
19.5,2.5,422
19.5,2.5,423
20,2.5,424
20,2.5,425
20,2.5,426
19.5,2.5,427
19.5,2.5,428
20,2.5,429
19.5,2.5,430
20,2.5,431
20,2.5,432
20,2.5,433
19.5,2.5,434
19.5,2.5,435
20,2.5,436
19.5,2.5,437
19.5,2.5,438
20,2.5,439
19.5,2.5,440
19.5,2.5,441
19.5,2.5,442
19.5,2.5,443
19.5,2.5,444
20,2.5,445
19.5,2.5,446
20,2.5,447
19.5,2.5,448
19.5,2.5,449
19.5,2.5,450
19.5,2.5,451
19.5,2.5,452
19.5,2.5,453
19.5,2.5,454
19.5,2.5,455
19.5,2.5,456
19.5,2.5,457
19.5,2.5,458
20,2.5,459
19.5,2.5,460
20,2.5,461
19.5,2.5,462
19.5,2.5,463
20,2.5,464
19.5,2.5,465
19.5,2.5,466
19.5,2.5,467
19.5,2.5,468
19.5,2.5,469
20,3,470
20,3,471
20,3,472
20,3,473
20,3,474
20,3,475
20,3,476
20,3,477
19.5862068965517,2.93103448275862,478
19.5862068965517,2.93103448275862,479
19.5862068965517,2.93103448275862,480
19.5862068965517,2.93103448275862,481
19.5862068965517,2.93103448275862,482
19.5862068965517,2.93103448275862,483
19.5862068965517,2.93103448275862,484
19.5862068965517,2.93103448275862,485
19.5862068965517,2.93103448275862,486
19.5862068965517,2.93103448275862,487
19.5862068965517,2.93103448275862,488
19.5862068965517,2.93103448275862,489
19.5862068965517,2.93103448275862,490
19.5862068965517,2.93103448275862,491
19.5862068965517,2.93103448275862,492
19.5862068965517,2.93103448275862,493
19.5862068965517,2.93103448275862,494
19.5,2.5,495
19.5862068965517,2.93103448275862,496
19.5,2.5,497
19.5,2.5,498
19.5,2.5,499
19.5,2.5,500
19.5,2.5,501
19.5,2.5,502
19.5,2.5,503
19.5,2.5,504
19.5,2.5,505
19.5,2.5,506
19.5,2.5,507
19.5,2.5,508
19.5,2.5,509
19.5,2.5,510
19.5,2.5,511
19.5,2.5,512
19.5,2.5,513
19.5,2.5,514
19.5,2.5,515
19.5,2.5,516
19.5,2.5,517
19.5,2.5,518
19.5,2.5,519
19.5,2.5,520
19.5,2.5,521
19.5,2.5,522
19.5,2.5,523
19.5,2.5,524
19.5,2.5,525
19.5,2.5,526
19.5,2.5,527
19.5,2.5,528
19.5,2.5,529
19.5,2.5,530
19.5,2.5,531
19.5,2.5,532
19.5,2.5,533
19.5,2.5,534
19.5,2.5,535
19.5,2.5,536
19.5,2.5,537
19.5,2.5,538
19.5,2.5,539
19.5,2.5,540
19.5,2.5,541
19.5,2.5,542
19.5,2.5,543
19.5,2.5,544
19.5,2.5,545
19.5,2.5,546
19.5,2.5,547
19.5,2.5,548
19.5,2.5,549
19.5,2.5,550
19.5,2.5,551
19.5,2.5,552
19.5,2.5,553
19.5,2.5,554
19.5,2.5,555
19.5,2.5,556
19.5,2.5,557
19.5,2.5,558
19.5,2.5,559
19.5,2.5,560
19.5,2.5,561
19.5,2.5,562
19.5,2.5,563
19.5,2.5,564
19.5,2.5,565
19.5,2.5,566
19.5,2.5,567
19.5,2.5,568
19.5,2.5,569
19.5,2.5,570
19.5,2.5,571
19.5,2.5,572
19.5,2.5,573
19.5,2.5,574
19.5,2.5,575
19.5,2.5,576
19.5,2.5,577
19.5,2.5,578
19.5,2.5,579
19.5,2.5,580
19.5,2.5,581
19.5,2.5,582
19.5,2.5,583
19.5,2.5,584
20,2.5,585
20,2.5,586
20,2.5,587
20,2.5,588
20,2.5,589
20,2.5,590
20,2.5,591
20,2.5,592
20,2.5,593
20,2.5,594
20,2.5,595
20,2.5,596
20,2.5,597
20,2.5,598
20,2.5,599
20,2.5,600
20,2.5,601
20,2.5,602
20,2.5,603
20,2.5,604
20,2.5,605
20,2.5,606
20,2.5,607
20,2.5,608
20,2.5,609
20,2.5,610
20,2.5,611
20,2.5,612
20,2.5,613
20,2.5,614
20,2.5,615
20,2.5,616
20,2.5,617
20,2.5,618
20,2.5,619
20,2.5,620
20,2.5,621
20,2.5,622
20,2.5,623
20,2.5,624
20,2.5,625
20,2.5,626
20,2.5,627
20,2.5,628
19.5,2.5,629
19.5,3,630
19.5,3,631
19.5,2.5,632
20,2.5,633
20,2.5,634
20,2.5,635
20,2.5,636
20,2.5,637
20,2.5,638
20,2.5,639
20,2.5,640
20,2.5,641
20,2.5,642
20,2.5,643
20,2.5,644
20,2.5,645
20,2.5,646
20,2.5,647
19,2.5,648
19.5,2.5,649
19.5,2.5,650
19.5,2.5,651
19.5,2.5,652
19.5,2.5,653
19.5,2.5,654
19.5,2.5,655
19.5,2.5,656
19.5,2.5,657
19.5,2.5,658
19.5,2.5,659
19.5,2.5,660
19.5,2.5,661
19.5,2.5,662
19.5,2.5,663
19.5,2.5,664
19.5,2.5,665
19.5,2.5,666
19.5,2.5,667
19.5,2.5,668
19.5,2.5,669
19.5,2.5,670
19.5,2.5,671
19.5,2.5,672
19.5,2.5,673
19.5,2.5,674
19,2.5,675
19.5,2.5,676
19,2.87878787878788,677
20.5,2.5,678
20.5,2.5,679
20.5,2.5,680
20.5,2.5,681
20.5,2.5,682
20.5,2.5,683
20.5,2.5,684
20.5,2.5,685
19.5,2.5,686
19.5,2.5,687
20.5,2.5,688
20.5,2.5,689
20.5,2.5,690
20.5,2.5,691
19.5,2.5,692
19.5,2.5,693
20.5,2.5,694
19.5,2.5,695
20.5,2.5,696
19.5,2.5,697
20.5,2.5,698
19.5,2.5,699
20.5,2.5,700
19.5,2.5,701
19.5,2.5,702
19.5,2.5,703
20.5,2.5,704
20.5,2.5,705
19.5,2.5,706
19.5,2.5,707
19.5,2.5,708
19,2.5,709
19,2.5,710
19,2.5,711
19,2.5,712
19,2.5,713
19,2.5,714
19,2.5,715
19,2.5,716
19,2.5,717
19,2.5,718
19,2.5,719
19,2.5,720
19,2.5,721
19,2.5,722
19,2.5,723
19,2.5,724
19,2.5,725
19,2.5,726
19,2.5,727
19,2.5,728
19,2.5,729
19,2.5,730
19,2.5,731
19,2.5,732
19,2.5,733
19,2.5,734
19,2.5,735
19,2.5,736
19,2.5,737
19,2.5,738
19,2.5,739
19,2.5,740
19,2.5,741
19,2.5,742
19,2.5,743
19,2.5,744
19,2.5,745
19,2.5,746
19,2.5,747
19,2.5,748
19,2.5,749
19,2.5,750
19,2.5,751
19,2.5,752
19,2.5,753
19,2.5,754
19,2.5,755
19,2.5,756
19,2.5,757
19,2.5,758
19,2.5,759
19,2.5,760
19,2.5,761
19,2.5,762
19,2.5,763
19,2.5,764
19,2.5,765
19,2.5,766
19,2.5,767
19,2.5,768
19,2.5,769
19,2.5,770
19,2.5,771
19,2.5,772
19,2.5,773
19,2.5,774
19,2.5,775
19,2.5,776
19,2.5,777
19,2.5,778
19,2.5,779
18.5,2.5,780
18.5,2.5,781
18.5,2.5,782
19,2.5,783
19,2.5,784
19,2.5,785
19,2.5,786
19,2.5,787
19,2.5,788
19,2.5,789
19,2.5,790
18.5,2.5,791
19,2.5,792
19,2.5,793
19,2.5,794
19,2.5,795
19,2.5,796
19,2.5,797
19,2.5,798
19,2.5,799
19,2.5,800
19,2.5,801
19,2.5,802
19,2.5,803
19,2.5,804
19,2.5,805
19,2.5,806
19,2.5,807
19,2.5,808
19,2.5,809
19,2.5,810
19,2.5,811
19,2.5,812
19,2.5,813
19,2.5,814
19,2.5,815
19,2.5,816
19,2.5,817
19,2.5,818
19,2.5,819
19,2.5,820
19,2.5,821
19,2.5,822
19,2.5,823
19,2.5,824
19,2.5,825
19,2.5,826
19,2.5,827
19,2.5,828
19,2.5,829
19,2.5,830
19,2.5,831
19,2.5,832
19,2.5,833
19,2.5,834
19,2.5,835
19,2.5,836
19,2.5,837
19,2.5,838
19,2.5,839
19,2.5,840
19,2.5,841
19,2.5,842
19,2.5,843
19,2.5,844
19,2.5,845
19,2.5,846
19,2.5,847
19,2.5,848
19,2.5,849
19,2.5,850
19,2.5,851
19,2.5,852
19,2.5,853
19,2.5,854
19,2.5,855
19,2.5,856
19,2.5,857
19,2.5,858
19,2.5,859
19,2.5,860
19,2.5,861
19,2.5,862
19,2.5,863
19,2.5,864
19,2.5,865
19,2.5,866
19,2.5,867
19,2.5,868
19,2.5,869
19,2.5,870
19,2.5,871
19,2.5,872
19,2.5,873
19,2.5,874
19,2.5,875
19,2.5,876
19,2.5,877
19,2.5,878
19,2.5,879
19,2.5,880
19,2.5,881
19,2.5,882
19,2.5,883
19,2.5,884
19,2.5,885
19,2.5,886
19,2.5,887
19,2.5,888
19,2.5,889
19,2.5,890
19,2.5,891
19,2.5,892
18.5,2.5,893
19,2.5,894
19,2.5,895
19,2.5,896
19,2.5,897
19,2.5,898
19,2.5,899
18.5,2.5,900
18.5,2.5,901
18.5,2.5,902
18.5,3,903
18.5,2.5,904
17,2.5,905
NaN,NaN,906
20.5757575757576,3.45454545454545,907
8,3,908
9.5,4,909
10.5,3,910
NaN,NaN,911
NaN,NaN,912
21.5,4,913
19.1515151515152,2.87878787878788,914
19.5862068965517,2.93103448275862,915
19.5,2.5,916
19.5,2.5,917
19.1515151515152,2.87878787878788,918
19,2.5,919
19.1515151515152,2.87878787878788,920
19,2.5,921
19,2.5,922
19,2.5,923
19,2.5,924
19,2.5,925
19,2.5,926
19,2.5,927
19,2.5,928
19,2.5,929
19,2.5,930
19,2.5,931
19,2.5,932
19,2.5,933
19,2.5,934
19,2.5,935
19,2.5,936
19,2.5,937
19,2.5,938
19,2.5,939
19,2.5,940
19,2.5,941
19,2.5,942
19,2.5,943
19,2.5,944
19,2.5,945
19,2.5,946
19,2.5,947
19,2.5,948
19,2.5,949
19,2.5,950
19,2.5,951
19,2.5,952
19,2.5,953
19,2.5,954
19,2.5,955
19,2.5,956
19.1515151515152,2.87878787878788,957
19.1515151515152,2.87878787878788,958
19.1515151515152,2.87878787878788,959
19.1515151515152,2.87878787878788,960
19.1515151515152,2.87878787878788,961
