x,y,t
13.5,2.5,1
14.5,2.5,2
16,2.5,3
18,2.5,4
4,2.5,5
17,2.5,6
19,2.5,7
NaN,NaN,8
4.58620689655172,2.93103448275862,9
14,24,10
6.84848484848485,2.87878787878788,11
3.41379310344828,2.93103448275862,12
17.4418604651163,18.4651162790698,13
16.5,2.5,14
13.5,3,15
8,3,16
6.5,2.5,17
5,2.5,18
5,2.5,19
5,2.5,20
10.5,3,21
4,9,22
7,25,23
12.4102564102564,2.94871794871795,24
17,2.5,25
17.2051282051282,3.33333333333333,26
17,3,27
17.5897435897436,2.94871794871795,28
16.5,3,29
17.1315789473684,3.39473684210526,30
17.125,3.375,31
17.0512820512821,3.43589743589744,32
17.0512820512821,3.43589743589744,33
17.125,3.375,34
17.5,3,35
17.5714285714286,3.42857142857143,36
17.5714285714286,3.42857142857143,37
17.5714285714286,3.42857142857143,38
17.5,3,39
17.5,3,40
19.0833333333333,2.91666666666667,41
4.5,2.5,42
8,3.5,43
7,2.5,44
16,2.5,45
18,9,46
15.0882352941176,2.94117647058824,47
6.5,2.5,48
4,2.5,49
4.5,18.5,50
3,11,51
15,4.5,52
15,4,53
14,3,54
12,3,55
11.5,3,56
11.5,3,57
19.5,5,58
4.84848484848485,2.87878787878788,59
3,5.5,60
NaN,NaN,61
NaN,NaN,62
3,5.5,63
9.43243243243243,2.83783783783784,64
8.91176470588235,2.94117647058824,65
8.43243243243243,2.83783783783784,66
8.87804878048781,2.80487804878049,67
8.92857142857143,2.85714285714286,68
8.5,2.89473684210526,69
8.43243243243243,2.83783783783784,70
8.84848484848485,2.87878787878788,71
8.43243243243243,2.83783783783784,72
8.5,2.89473684210526,73
8.43243243243243,2.83783783783784,74
8.43243243243243,2.83783783783784,75
8.43243243243243,2.83783783783784,76
8.43243243243243,2.83783783783784,77
8.5,2.89473684210526,78
8.43243243243243,2.83783783783784,79
8.43243243243243,2.83783783783784,80
8.5,2.89473684210526,81
8.43243243243243,2.83783783783784,82
8.43243243243243,2.83783783783784,83
8.43243243243243,2.83783783783784,84
15.4102564102564,2.94871794871795,85
8.5,2.5,86
7.58620689655172,2.93103448275862,87
4,2.5,88
18,25,89
7.58620689655172,2.93103448275862,90
5,2.5,91
5,2.5,92
NaN,NaN,93
19.5,4.5,94
12.5,2.5,95
5.5,2.5,96
6,2.5,97
19,26.5,98
16.5,5,99
14.5,4.5,100
14.5,4.5,101
14.4444444444444,4.55555555555556,102
10.0882352941176,2.94117647058824,103
9.86842105263158,3.39473684210526,104
14.5,2.5,105
4,3,106
3,5,107
8.5,2.5,108
5,2.5,109
5.5,2.5,110
13,10.5,111
4.5,15.5,112
16,7.5,113
10,22.5,114
19,23,115
15.4137931034483,2.93103448275862,116
13,2.5,117
13.5,2.5,118
13.5,2.5,119
13.5,2.5,120
13.5,2.5,121
13,2.5,122
12.5,2.5,123
4.5,2.5,124
3.5,3.5,125
11.4137931034483,2.93103448275862,126
8,2.5,127
8.5,2.5,128
8,2.5,129
8.5,2.5,130
8,2.5,131
8.5,2.5,132
8.5,2.5,133
17.9117647058824,2.94117647058824,134
3.42857142857143,17.5714285714286,135
9.41379310344828,2.93103448275862,136
13.7027027027027,2.83783783783784,137
14.1515151515152,2.87878787878788,138
14.1515151515152,2.87878787878788,139
14.1515151515152,2.87878787878788,140
14.1515151515152,2.87878787878788,141
14.1515151515152,2.87878787878788,142
14.1515151515152,2.87878787878788,143
14.1515151515152,2.87878787878788,144
14.1515151515152,2.87878787878788,145
14.1515151515152,2.87878787878788,146
14.1515151515152,2.87878787878788,147
14.1515151515152,2.87878787878788,148
14.5675675675676,2.83783783783784,149
14.1515151515152,2.87878787878788,150
14.1515151515152,2.87878787878788,151
14.5675675675676,2.83783783783784,152
14.5675675675676,2.83783783783784,153
14.5675675675676,2.83783783783784,154
14.5675675675676,2.83783783783784,155
14.5675675675676,2.83783783783784,156
14.5675675675676,2.83783783783784,157
14.5675675675676,2.83783783783784,158
14.5675675675676,2.83783783783784,159
14.5675675675676,2.83783783783784,160
14.5675675675676,2.83783783783784,161
14.5675675675676,2.83783783783784,162
14.5675675675676,2.83783783783784,163
14.5675675675676,2.83783783783784,164
14.1515151515152,2.87878787878788,165
12,2.5,166
18.5,2.5,167
13,12.5,168
6.58974358974359,2.94871794871795,169
8.5,14.5,170
19,3,171
3,4.5,172
NaN,NaN,173
3,5,174
3,5,175
3,4.5,176
3,4.5,177
3,4.5,178
3,4.5,179
3,4.5,180
3,4.5,181
3.5,4,182
5,2.5,183
5,2.5,184
18.5,2.5,185
5,2.5,186
19,21.5,187
8.08823529411765,2.94117647058824,188
14.5,2.5,189
14.5,2.5,190
14.5,2.5,191
14.5,2.5,192
14.5,2.5,193
14.5,2.5,194
14.5,2.5,195
14.5,2.5,196
14.5,2.5,197
14.5,2.5,198
14.5,2.5,199
14.5,2.5,200
14.5,2.5,201
14.5,2.5,202
14.5,2.5,203
14.5,2.5,204
14.5,2.5,205
14.5,2.5,206
14.5,2.5,207
14.5,2.5,208
14.5,2.5,209
14.5,2.5,210
5.5,3,211
19.5,13.5,212
14,3,213
17,3.5,214
18,4.5,215
18,4.5,216
18,4.5,217
18,4.5,218
18,4.5,219
18,4.5,220
18,4.5,221
18,4.5,222
18,4.5,223
18,4.5,224
5,2.87878787878788,225
12,3,226
14.5348837209302,7.55813953488372,227
17,28.5,228
12,3,229
14.4137931034483,2.93103448275862,230
13.9117647058824,2.94117647058824,231
13.9117647058824,2.94117647058824,232
13.9117647058824,2.94117647058824,233
13.9117647058824,2.94117647058824,234
13.9117647058824,2.94117647058824,235
13.4102564102564,2.94871794871795,236
13.4102564102564,2.94871794871795,237
13.4102564102564,2.94871794871795,238
13.4102564102564,2.94871794871795,239
13.4102564102564,2.94871794871795,240
13.4102564102564,2.94871794871795,241
13,2.90697674418605,242
13.4102564102564,2.94871794871795,243
13,2.90697674418605,244
13,2.90697674418605,245
13,2.90697674418605,246
13,2.90697674418605,247
13,2.90697674418605,248
13,2.90697674418605,249
13.4102564102564,2.94871794871795,250
13.4102564102564,2.94871794871795,251
13,2.90697674418605,252
13,2.90697674418605,253
13,2.90697674418605,254
13,2.90697674418605,255
13,2.90697674418605,256
13.9117647058824,2.94117647058824,257
10.6578947368421,2.89473684210526,258
NaN,NaN,259
3,4.5,260
3,4.5,261
3,4.5,262
3,4.5,263
3,4.5,264
3,4.5,265
3.5,14.5,266
3,15,267
19.5,6,268
12,2.5,269
6.91176470588235,2.94117647058824,270
13.5555555555556,8.44444444444444,271
18.5,2.5,272
15.5,3,273
4.84848484848485,2.87878787878788,274
13.5,2.5,275
8,17,276
12.5,3,277
8,21.5,278
3.94871794871795,3.43589743589744,279
20,2.5,280
20,2.5,281
20,2.5,282
20,2.5,283
20,2.5,284
20,2.5,285
20,2.5,286
20,2.5,287
19.5,2.5,288
19.5,2.5,289
19.5,2.5,290
19.5,2.5,291
19.5,2.5,292
19.5,2.5,293
19.5,2.5,294
19.5,2.5,295
19.5,2.5,296
19.5,2.5,297
19.5,2.5,298
19.5,2.5,299
19.5,2.5,300
19.5,2.5,301
19.5,2.5,302
19.5,2.5,303
19.5,2.5,304
19.5,2.5,305
19.5,2.5,306
19.5,2.5,307
19.5,2.5,308
7,3,309
8,3,310
11.9318181818182,25.9545454545455,311
17,5.5,312
17,5.5,313
16.5641025641026,4.94871794871795,314
17,5.5,315
17,5.5,316
16.5641025641026,4.94871794871795,317
16.5641025641026,4.94871794871795,318
17,6,319
17,6,320
16.5,5,321
16.5,5,322
17,6,323
17,6,324
17,6,325
16.5,5.5,326
16.5,5.5,327
16.5,5.5,328
16.5,5.5,329
16.5,5.5,330
16.5,5.5,331
17,6,332
16.5,5.5,333
16.5,5.5,334
16.5,5.5,335
16.5,5.5,336
16.5,5.5,337
13,3.5,338
4,8,339
18,2.5,340
6,2.5,341
4,3,342
5,3,343
5.5,11,344
12.5,3,345
13.6578947368421,2.89473684210526,346
16.7027027027027,2.83783783783784,347
16.1515151515152,2.87878787878788,348
16.5862068965517,2.93103448275862,349
16.5862068965517,2.93103448275862,350
16.5862068965517,2.93103448275862,351
16.5862068965517,2.93103448275862,352
16.5862068965517,2.93103448275862,353
17,2.87878787878788,354
16.1515151515152,2.87878787878788,355
16.5862068965517,2.93103448275862,356
16.5862068965517,2.93103448275862,357
16.5862068965517,2.93103448275862,358
16.5862068965517,2.93103448275862,359
16.5862068965517,2.93103448275862,360
16.1515151515152,2.87878787878788,361
17,2.87878787878788,362
17.8484848484848,2.87878787878788,363
16,24,364
NaN,NaN,365
NaN,NaN,366
NaN,NaN,367
NaN,NaN,368
NaN,NaN,369
NaN,NaN,370
NaN,NaN,371
NaN,NaN,372
NaN,NaN,373
NaN,NaN,374
NaN,NaN,375
NaN,NaN,376
12,5,377
3.5,5,378
8.05128205128205,16.5641025641026,379
6,17.5,380
10,6,381
NaN,NaN,382
11,6,383
12,6,384
17.5,4,385
4,4,386
12.9117647058824,2.94117647058824,387
8.92857142857143,2.85714285714286,388
3.5,2.5,389
3,2.5,390
5,2.5,391
11,3,392
17.4137931034483,2.93103448275862,393
16.9117647058824,2.94117647058824,394
9.32558139534884,3.34883720930233,395
12,2.5,396
15.1515151515152,2.87878787878788,397
7,14.5,398
3,14,399
8.94871794871795,3.43589743589744,400
16.6470588235294,3.38235294117647,401
17,4,402
17,4,403
17,4,404
17,4,405
17,4,406
17,4,407
17,4,408
17,4,409
17,4,410
17,4,411
17,4,412
17,4,413
17,4,414
17,4,415
17,4,416
17,4,417
17.4358974358974,4.05128205128205,418
17.4358974358974,4.05128205128205,419
17.4358974358974,4.05128205128205,420
17.4358974358974,4.05128205128205,421
17.4358974358974,4.05128205128205,422
17.4358974358974,4.05128205128205,423
17.4358974358974,4.05128205128205,424
17.4358974358974,4.05128205128205,425
17.4358974358974,4.05128205128205,426
17.4358974358974,4.05128205128205,427
10.5,5,428
18,2.5,429
13,3,430
11,19.5,431
5.41379310344828,2.93103448275862,432
5.5,2.5,433
16.5,16.5,434
NaN,NaN,435
6.95454545454545,9.06818181818182,436
18,2.5,437
11.5,3,438
11.5,2.5,439
12,2.5,440
11.5,2.5,441
11.5,2.5,442
11.5,2.5,443
NaN,NaN,444
10.5,2.5,445
17.5,2.5,446
16,2.5,447
18.5,2.5,448
15,20.5,449
3.56410256410256,4.94871794871795,450
5.5,6.5,451
5.5,6,452
16.5,14.5,453
8,6.5,454
11,9.5,455
12,2.5,456
19.5,7.5,457
8.41379310344828,2.93103448275862,458
8.5,3,459
8.5,3,460
9,2.5,461
9,2.5,462
8.5,2.5,463
6,2.5,464
17,2.5,465
NaN,NaN,466
9.5,3,467
8,3,468
7.5,3,469
7,3,470
7,3,471
7.5,3,472
7.5,3,473
7.5,3,474
7.5,3,475
8,3,476
8,3,477
8,3,478
8,3,479
8,3,480
7.5,3,481
8,3,482
8,3,483
8,3,484
8,3,485
7.5,3,486
8,3,487
8,3,488
8,3,489
7.5,3,490
8,3,491
8,3,492
8,3,493
7.5,3,494
8,3,495
14.5,5,496
3.5,2.5,497
5.07142857142857,2.85714285714286,498
10,22,499
14,6.5,500
14,6.5,501
14,6.5,502
13.5641025641026,5.94871794871795,503
13.5641025641026,5.94871794871795,504
13.5641025641026,5.94871794871795,505
14,7,506
17,16,507
14.0512820512821,15.5641025641026,508
15.3421052631579,2.89473684210526,509
10.2972972972973,2.83783783783784,510
5.5,2.5,511
10,2.87878787878788,512
5,25,513
13.5,3,514
9,3,515
9,3,516
9,2.5,517
9,2.5,518
9,2.5,519
9,3,520
9,3,521
9,3,522
9,3,523
9,2.5,524
NaN,NaN,525
5,2.5,526
3,6.5,527
12,15.5,528
NaN,NaN,529
14.5,4,530
3.43589743589744,5.05128205128205,531
3,4.5,532
3,5,533
3,4.5,534
3,5,535
3,5,536
3,5.5,537
3,5,538
3,5.5,539
3,5,540
3,5,541
3,5,542
3,5,543
3,5,544
3,5,545
3,5,546
3,5,547
3,5,548
3,5,549
3,5,550
3,5.5,551
3,5,552
3,5,553
3,5,554
3,5,555
3,5,556
4.94871794871795,4.56410256410256,557
6,4.5,558
6,4.5,559
6,4.5,560
6,4.5,561
6,4.5,562
6,4.5,563
6,4.5,564
6,4.5,565
6,4.5,566
6,4.5,567
6,4.5,568
6,4.5,569
6,4.5,570
6,4.5,571
6,4.5,572
6,4.5,573
6,4.5,574
6,4.5,575
6,4.5,576
6,4.5,577
6,4.5,578
6,4.5,579
6,4.5,580
6,4.5,581
6,4.5,582
6,4.5,583
6,4.5,584
6,4.5,585
6,4.5,586
13.0882352941176,2.94117647058824,587
14.906976744186,10.1162790697674,588
18.5,15.5,589
15.5,23.5,590
15.5555555555556,31.4444444444444,591
11.4137931034483,2.93103448275862,592
15.5555555555556,3.33333333333333,593
17,3,594
17,3,595
17,3,596
17,3,597
17.5,3,598
17,3,599
17,3,600
17,3,601
17,3,602
17.5,3,603
17.5,3,604
17.5,3,605
17.5,3,606
17.5,3,607
17.5,3,608
17.5,3,609
17.5,3,610
17.5,3,611
17.5,3,612
17.5,3,613
17.4102564102564,2.94871794871795,614
17.5,3,615
17.5,3,616
17.5,3,617
17.5,3,618
17.5,3,619
17.5,3,620
17.5,3,621
17.5,3,622
17.5,3,623
17.5714285714286,3.42857142857143,624
17.5714285714286,3.42857142857143,625
18,3.5,626
18,3.5,627
18,3.5,628
18,3.5,629
18,3.5,630
18,3.5,631
18,3.5,632
18,3.5,633
18,3.5,634
18,3.5,635
18,3.5,636
18,3.5,637
18,3.5,638
18,3.5,639
18,3.5,640
18,3.5,641
18,3.5,642
18,3.5,643
18,3.5,644
18,3.5,645
18,3.5,646
18.0512820512821,3.43589743589744,647
19,3,648
14.5,12,649
3,7,650
12,23.5,651
3.5,2.5,652
3,8,653
3,9,654
3,9.5,655
3,11,656
7,6,657
7,6,658
6.57142857142857,6.57142857142857,659
7,6.5,660
7,6.5,661
7,6.5,662
7,6.5,663
7,6.5,664
7,6.5,665
7,6.5,666
7,6.5,667
7,6.5,668
7,6.5,669
7,6.5,670
7,6.5,671
7,6.5,672
7,6.5,673
7,6.5,674
7,6.5,675
6.57142857142857,6.57142857142857,676
6.57142857142857,6.57142857142857,677
6.57142857142857,6.57142857142857,678
6.57142857142857,6.57142857142857,679
6.57142857142857,6.57142857142857,680
7,6.5,681
6.57142857142857,6.57142857142857,682
6.57142857142857,6.57142857142857,683
6.57142857142857,6.57142857142857,684
8.5,4,685
9,4,686
8.05128205128205,4.56410256410256,687
8,4.5,688
9,4,689
8.5,4.5,690
8.5,4.5,691
9,3.5,692
9,4,693
9,3.5,694
8.05128205128205,4.56410256410256,695
9,3.5,696
9,4,697
9.5,3.5,698
9,4,699
8.5,4.5,700
8.5,4.5,701
8.5,4.5,702
9,4,703
8.5,4.5,704
9,3.5,705
8.11627906976744,4.09302325581395,706
9,4,707
9,3.5,708
8.15909090909091,4.15909090909091,709
8.42857142857143,4.42857142857143,710
9,4,711
9,3.5,712
9,3.5,713
9.42857142857143,3.42857142857143,714
8.5,4.5,715
9,3.5,716
15,4.5,717
3,15.5,718
3,5,719
16,11,720
17,22.5,721
3.5,8.5,722
3,9,723
19.5,3,724
19.5,3,725
19.5,3,726
19.5,3,727
19.5,3,728
19.5,3,729
19.5,3,730
19.5,3,731
19.5,3,732
19.5,3,733
19.5,3,734
19.5,3,735
19.5,3,736
19.5,3,737
19.5,3,738
19.5,3,739
19.5,3,740
19.5,3,741
19.5,3,742
19.5,3,743
19.5,3,744
19.5,3,745
19.5,3,746
19.5,3,747
19.5,3,748
19.5,3,749
19.5,3,750
19.5,3,751
19.5,3,752
19.5,3,753
19.5,3,754
19.5,3,755
19.5,3,756
19.5,3,757
19.5,3,758
19.5,3,759
19.5,3,760
19.5,3,761
19.5,3,762
19.5,3,763
19.5,3,764
19.5,3,765
19.5,3,766
19.5,3,767
19.5,3,768
19.5,3,769
19.5,3,770
19.5,3,771
19.5,3,772
19.5,3,773
13.5,2.5,774
12,3,775
15,2.5,776
4,12,777
5.56410256410256,6.05128205128205,778
5,6,779
5,6,780
5,6,781
5,6,782
5,6,783
5,6,784
5,6,785
5,6,786
5,6,787
5,6,788
5,6,789
5,6,790
5,6,791
5,6,792
5,6,793
5,6,794
5,5.5,795
5,6,796
5,6,797
5,6,798
5,6,799
5,6,800
5,6,801
5,6,802
5,6,803
5,6,804
5,6,805
5,6,806
5,6,807
5,6,808
5,6,809
5,6,810
5,6,811
5,6,812
5,6,813
5,6,814
5,6,815
5,6,816
5,6,817
5,6,818
5,6,819
5,6,820
5,6,821
5,6,822
5,6,823
5,6,824
5,6,825
5,6,826
5,6,827
5,6,828
5,6,829
5,6,830
5,6,831
5,6,832
5,6,833
5,6,834
5,6,835
5,6,836
5,6,837
5,6,838
5,6,839
5,6,840
5,6,841
5,6,842
5,6,843
5,6,844
5,6,845
5,6,846
5,6,847
5,6,848
5,6,849
5,6,850
5,6,851
5,6,852
5,6,853
5,6,854
5,6,855
5,6,856
5,6,857
5,6,858
5,6,859
5,6,860
5,6,861
5,6,862
5,6,863
5,6,864
5,6,865
5,6,866
5,5.5,867
5,6,868
5,6,869
5,6,870
5,6,871
5,6,872
5,6,873
5,6,874
5,6,875
5,6,876
5,6,877
3.5,5,878
6.11627906976744,4.09302325581395,879
6.11627906976744,4.09302325581395,880
6,4,881
6,4,882
6.11627906976744,4.09302325581395,883
6,4,884
6.15909090909091,4.15909090909091,885
6.09302325581395,4.11627906976744,886
6.09302325581395,4.11627906976744,887
6,4,888
6,4,889
6,4,890
6,4,891
6,4,892
6,4,893
6,4,894
6,4,895
6,4,896
6,4,897
6,4,898
6,4,899
6,4,900
6,4,901
6,4,902
6,4,903
6,4,904
6,4,905
6,4,906
6,4,907
4,9.5,908
3,5,909
3,4.5,910
3,4.5,911
3,4.5,912
3,4.5,913
3,4.5,914
3,5,915
3,4.5,916
3,4.5,917
3,5,918
3,5,919
3,4.5,920
3,5,921
3,5,922
3,5,923
3,5,924
3,4.5,925
3,4.5,926
3,5,927
3,4.5,928
3,4.5,929
3,5,930
3,5,931
3,4.5,932
3,4.5,933
3,4.5,934
3,5,935
3,5,936
3,4.5,937
3,4.5,938
3,5,939
3,5,940
3,5,941
3,4.5,942
3,5,943
3,5,944
3,5,945
3,4.5,946
3,5,947
3,4.5,948
3,4.5,949
3,4.5,950
3,4.5,951
3,4.5,952
3,5,953
3,4.5,954
3,4.5,955
3,4.5,956
3,4.5,957
3,4.5,958
3,5,959
3,4.5,960
3,4.5,961
