x,y,t
10.2698412698413,4.82539682539683,1
10.8653846153846,4.17307692307692,2
10.8653846153846,4.17307692307692,3
9,2.5,4
17.4358974358974,32.9487179487179,5
8.41025641025641,2.94871794871795,6
8.54838709677419,5.98387096774194,7
15.7076923076923,8.67692307692308,8
19,29,9
15.2727272727273,10.2727272727273,10
10.5,2.5,11
NaN,NaN,12
8,2,13
8.5,2.5,14
12,2.5,15
13,2.5,16
13,2.5,17
17,2.5,18
20,25,19
15,2.5,20
5.47619047619048,4.95238095238095,21
16.5263157894737,31.9298245614035,22
7.53968253968254,9.52380952380952,23
NaN,NaN,24
17,2.5,25
18,2.5,26
18,2.5,27
18,2.5,28
18,2.5,29
18,2.5,30
9,2.5,31
9,2.5,32
8.5,2.5,33
9.5,2.5,34
9.5,2.5,35
8.5,2.5,36
14.0175438596491,19.5964912280702,37
NaN,NaN,38
18,2,39
18,2,40
18,2,41
12,2.5,42
12.7777777777778,17.2380952380952,43
13.0491803278689,12.5081967213115,44
11.9672131147541,8.57377049180328,45
14.1111111111111,3.88888888888889,46
15.6458333333333,3.9375,47
16.7727272727273,3.31818181818182,48
16.7727272727273,3.31818181818182,49
16.7727272727273,3.31818181818182,50
16.7727272727273,3.31818181818182,51
16.7727272727273,3.31818181818182,52
18,4,53
20,20,54
10.4081632653061,2.95918367346939,55
7,2.5,56
7.39344262295082,5.13114754098361,57
7.421875,10,58
16.5862068965517,2.93103448275862,59
17.5,2.5,60
17.5,2.5,61
17.5,2.5,62
17.5,2.5,63
17.5,2.5,64
NaN,NaN,65
NaN,NaN,66
NaN,NaN,67
10.5,2.5,68
10,2.5,69
17,2.5,70
4.5,6.5,71
18.5,2.5,72
18.5,31.5,73
18.62,3.92,74
18.7659574468085,3.78723404255319,75
19.2439024390244,3.85365853658537,76
19.1395348837209,3.93023255813953,77
18.8666666666667,3.73333333333333,78
18.4255319148936,3.4468085106383,79
19.6666666666667,5.33333333333333,80
14.5,11.5,81
3.8448275862069,5.31034482758621,82
17.5,2.5,83
11,2.5,84
11,2.5,85
11,2.5,86
11.5,2.5,87
11,2.5,88
11,2.5,89
11,2.5,90
11,2.5,91
11.5,2.5,92
11.5,2.5,93
11.5,2.5,94
18,2,95
15.140625,5.578125,96
7.62068965517241,4.98275862068965,97
4.5,4.5,98
3.4468085106383,4.42553191489362,99
3.4468085106383,4.42553191489362,100
3.4468085106383,4.42553191489362,101
3.4468085106383,4.42553191489362,102
3.5,4.5,103
10.5,2.5,104
11.9857142857143,7.58571428571429,105
14.5,2.5,106
9.5,2.5,107
9,2.5,108
9,2.5,109
9,2.5,110
9,2.5,111
9,2.5,112
9,2.5,113
12.5,2.5,114
12,2.87878787878788,115
12,2.87878787878788,116
12.4324324324324,2.83783783783784,117
10.4067796610169,2.96610169491525,118
16.8627450980392,3.2156862745098,119
19.6,13.9,120
13.5,2.5,121
15.9090909090909,14.9090909090909,122
3.4390243902439,3.92682926829268,123
17,2.5,124
13.4626865671642,8.46268656716418,125
3.96428571428571,4.92857142857143,126
4,9.5,127
15.2857142857143,4.32142857142857,128
4.31034482758621,4.87931034482759,129
17.9661016949153,31.5593220338983,130
4.59259259259259,5.57407407407407,131
15.2040816326531,2.75510204081633,132
16.4444444444444,4.38888888888889,133
11.4426229508197,4.98360655737705,134
11.3559322033898,4.93220338983051,135
11.5,5,136
11.4137931034483,4.94827586206897,137
11.4137931034483,4.94827586206897,138
10.6290322580645,5.61290322580645,139
10.578125,5.5625,140
10.5384615384615,5.53846153846154,141
9.33870967741935,5.38709677419355,142
9.33870967741935,5.38709677419355,143
16.3061224489796,4.87755102040816,144
16.2272727272727,4.40909090909091,145
16.2272727272727,4.40909090909091,146
16.2272727272727,4.40909090909091,147
16.2272727272727,4.40909090909091,148
16.2272727272727,4.40909090909091,149
16.2272727272727,4.40909090909091,150
16.3061224489796,4.87755102040816,151
19.5609756097561,4.07317073170732,152
19.5,3.5,153
19.5714285714286,3.57142857142857,154
19.125,3.625,155
19.125,3.625,156
19.0454545454545,3.95454545454545,157
19.0512820512821,3.56410256410256,158
19.0512820512821,3.56410256410256,159
18,3.5,160
18.4576271186441,5.57627118644068,161
19.5,4.5,162
4.3,8.2,163
3.5,3.5,164
5.66666666666667,25.6851851851852,165
19,7,166
17.2448979591837,4.79591836734694,167
17,5,168
17,5,169
17,5,170
17.2448979591837,4.79591836734694,171
11.7608695652174,2.82608695652174,172
11.7608695652174,2.82608695652174,173
11.25,3.25,174
9.5,2.5,175
9.5,2.5,176
9.5,2.5,177
13.5,2.5,178
16.2142857142857,2.85714285714286,179
15.7027027027027,2.83783783783784,180
14,2.5,181
14,2.5,182
14,2.5,183
14,2.5,184
14,2.5,185
14.5,2.5,186
NaN,NaN,187
NaN,NaN,188
8,2.5,189
7.5,2.5,190
11.5,2.5,191
11.5,2.5,192
11.5,2.5,193
11.5,2.5,194
11.5,2.5,195
6.92857142857143,16.9642857142857,196
9.5,16,197
4,5,198
6.58620689655172,7.05172413793103,199
12,2.87878787878788,200
14.3333333333333,2.77777777777778,201
5.5,35.5,202
11.6875,5.4375,203
11.5961538461538,5.13461538461539,204
12.0793650793651,6.92063492063492,205
17.5,2.5,206
17.5,2.5,207
17.5862068965517,2.93103448275862,208
17.5714285714286,3.42857142857143,209
17.5714285714286,3.42857142857143,210
18.3695652173913,3.39130434782609,211
16.7407407407407,3.7962962962963,212
6.515625,4.484375,213
17,2.5,214
15.4406779661017,4.98305084745763,215
12.1060606060606,32.8939393939394,216
13.3333333333333,33.3333333333333,217
11.2,3.3,218
11.3673469387755,4.18367346938776,219
14.02,4.54,220
13.9591836734694,4.57142857142857,221
13.9591836734694,4.57142857142857,222
13.9591836734694,4.57142857142857,223
13.9591836734694,4.57142857142857,224
14.0555555555556,4.98148148148148,225
19.5714285714286,4.42857142857143,226
20,4,227
20,4,228
20,4,229
20,4,230
20,4,231
19.6666666666667,4.20512820512821,232
19.0454545454545,4.06818181818182,233
19.0454545454545,4.06818181818182,234
19.0454545454545,4.06818181818182,235
18.9777777777778,4.02222222222222,236
19.1111111111111,4.11111111111111,237
19.1111111111111,4.11111111111111,238
19.1111111111111,4.11111111111111,239
19.1111111111111,4.11111111111111,240
19.1111111111111,4.11111111111111,241
19.1111111111111,4.11111111111111,242
19.1111111111111,4.11111111111111,243
15.9710144927536,5.44927536231884,244
6.18181818181818,4.81818181818182,245
12.5384615384615,13.4615384615385,246
3.45454545454545,6.45454545454545,247
18.5294117647059,31.9411764705882,248
15.2769230769231,7.32307692307692,249
14.265625,7.71875,250
6.33333333333333,2.91666666666667,251
6.5,2.5,252
6.5,2.5,253
6.5,2.5,254
6.5,2.5,255
6.5,2.5,256
8.5,2.5,257
8,2.5,258
8,2.5,259
9,2.5,260
11,2.5,261
11,2.5,262
11.18,2.8,263
11.5,2.5,264
11.5,2.5,265
11.7608695652174,2.82608695652174,266
11.7777777777778,2.77777777777778,267
11.7608695652174,2.82608695652174,268
15.7027027027027,2.83783783783784,269
11.5,2.5,270
18.7272727272727,29.2727272727273,271
19.125,10.625,272
12,3,273
17.9649122807018,4.01754385964912,274
15.5692307692308,4.47692307692308,275
15.578125,4.421875,276
14.8783783783784,4.2972972972973,277
3.5,3.5,278
13.7049180327869,16.7540983606557,279
15.2878787878788,4.25757575757576,280
18.3333333333333,3.33333333333333,281
18.1860465116279,3.25581395348837,282
18.1860465116279,3.25581395348837,283
18.1860465116279,3.25581395348837,284
18.3333333333333,3.33333333333333,285
11.6769230769231,23.2923076923077,286
18,2.5,287
6.73239436619718,6.73239436619718,288
15.9117647058824,10.5441176470588,289
7,35,290
18.92,5.38,291
11.4081632653061,2.95918367346939,292
13.5,2.5,293
13.5,2.5,294
13.5,2.5,295
13.5,2.5,296
13.5,2.5,297
13.5,2.5,298
13.5,2.5,299
14,2.5,300
13.5,2.5,301
14,2.5,302
NaN,NaN,303
NaN,NaN,304
NaN,NaN,305
NaN,NaN,306
5.34210526315789,2.89473684210526,307
8.5,2.5,308
19.3529411764706,31.1764705882353,309
14.1698113207547,4.81132075471698,310
12.1,4.4,311
10.8372093023256,2.90697674418605,312
11.3421052631579,2.89473684210526,313
10.8372093023256,2.90697674418605,314
10.8372093023256,2.90697674418605,315
12.2391304347826,2.82608695652174,316
16.2142857142857,2.85714285714286,317
9.23913043478261,2.82608695652174,318
9.23913043478261,2.82608695652174,319
9.23913043478261,2.82608695652174,320
9.23913043478261,2.82608695652174,321
6.63793103448276,4.20689655172414,322
19,2.5,323
3.8448275862069,6.31034482758621,324
15.5806451612903,26.5645161290323,325
17.4615384615385,31.5384615384615,326
4.5,3.5,327
9.96610169491525,4.45762711864407,328
12.9090909090909,2.95454545454545,329
15,2.5,330
NaN,NaN,331
NaN,NaN,332
NaN,NaN,333
17,2.5,334
9.5,2.5,335
9.5,2.5,336
10,2.5,337
10,2.5,338
10,2.5,339
10,2.5,340
10,2.5,341
15.8484848484848,2.87878787878788,342
14.5,2.5,343
13.8979591836735,2.75510204081633,344
14.3333333333333,2.77777777777778,345
14.3333333333333,2.77777777777778,346
18,2.5,347
10,2.5,348
10,2.5,349
10,2.5,350
10,2.5,351
7.11428571428571,2.45714285714286,352
8.04411764705882,4.86764705882353,353
15.2083333333333,15.2777777777778,354
NaN,NaN,355
9.58333333333333,5.08333333333333,356
10.2931034482759,4.31034482758621,357
11,3,358
11,3,359
11,3,360
10.75,3.25,361
10.75,3.25,362
10.75,3.25,363
11,3,364
5.94117647058824,3.45098039215686,365
6,3.5,366
6.37037037037037,3.42592592592593,367
6.3,3.8,368
7.5,9,369
8.82352941176471,35.6470588235294,370
14,2.5,371
15.8484848484848,2.87878787878788,372
16,2.5,373
16,2.5,374
16,2.5,375
16,2.5,376
16,2.5,377
14.4444444444444,2.77777777777778,378
10,2.5,379
10,2.5,380
10,2.5,381
11.5,2.5,382
NaN,NaN,383
NaN,NaN,384
11,2.5,385
11,2.5,386
11,3,387
NaN,NaN,388
NaN,NaN,389
NaN,NaN,390
NaN,NaN,391
NaN,NaN,392
NaN,NaN,393
NaN,NaN,394
NaN,NaN,395
11.8372093023256,2.90697674418605,396
7.42622950819672,35.0327868852459,397
5.03389830508475,29.5593220338983,398
7.5,2.5,399
13,2.5,400
10.6842105263158,35.3684210526316,401
8,35.5,402
15.3728813559322,4.88135593220339,403
18.6666666666667,14.3333333333333,404
10.6779661016949,4.89830508474576,405
10.0588235294118,4.47058823529412,406
9.375,4.23214285714286,407
4.77551020408163,3.77551020408163,408
4.77551020408163,3.77551020408163,409
4.77551020408163,3.77551020408163,410
4.77551020408163,3.77551020408163,411
4.55555555555556,3.44444444444444,412
4,3.5,413
4.07317073170732,3.5609756097561,414
4.07317073170732,3.5609756097561,415
4.07317073170732,3.5609756097561,416
4.07317073170732,3.5609756097561,417
4.07317073170732,3.5609756097561,418
4,3.5,419
4,3.5,420
3.92682926829268,3.5609756097561,421
4,3.5,422
4,3.5,423
3.92682926829268,3.5609756097561,424
3,3.5,425
6.09523809523809,4.95238095238095,426
6.69491525423729,4.77966101694915,427
3.41379310344828,2.93103448275862,428
3.5,2.5,429
3.58620689655172,2.93103448275862,430
3.58620689655172,2.93103448275862,431
4,2.87878787878788,432
4,2.87878787878788,433
4,2.87878787878788,434
4,2.87878787878788,435
4,2.87878787878788,436
4,2.87878787878788,437
6,2.5,438
17,2.5,439
17,2.5,440
17,2.5,441
17.5,2.5,442
17.5,2.5,443
17.5,2.5,444
17.5,2.5,445
17.5,2.5,446
17.5,2.5,447
12.5,2.5,448
12.5,2.5,449
12.5,2.5,450
12.5,2.5,451
12.5,2.5,452
12.5,2.5,453
12.5,2.5,454
12.5,2.5,455
12.6578947368421,2.89473684210526,456
12.5918367346939,2.95918367346939,457
8.5,2.5,458
15.1833333333333,3.78333333333333,459
5.41379310344828,27.948275862069,460
9.58974358974359,2.94871794871795,461
15.4193548387097,7.11290322580645,462
NaN,NaN,463
16.2142857142857,2.85714285714286,464
12.2857142857143,4.17857142857143,465
11.0882352941176,2.94117647058824,466
12.9565217391304,33.4782608695652,467
10.5,35.5,468
18.2835820895522,5.64179104477612,469
7.5,2.5,470
4,31,471
9.90909090909091,2.95454545454545,472
13.5,2.5,473
14,2.5,474
14,2.5,475
14,2.5,476
14,2.5,477
14,2.5,478
NaN,NaN,479
NaN,NaN,480
NaN,NaN,481
NaN,NaN,482
NaN,NaN,483
NaN,NaN,484
NaN,NaN,485
NaN,NaN,486
NaN,NaN,487
10.5,2.5,488
NaN,NaN,489
NaN,NaN,490
NaN,NaN,491
NaN,NaN,492
NaN,NaN,493
15,2.5,494
NaN,NaN,495
NaN,NaN,496
NaN,NaN,497
NaN,NaN,498
NaN,NaN,499
NaN,NaN,500
NaN,NaN,501
NaN,NaN,502
NaN,NaN,503
NaN,NaN,504
NaN,NaN,505
17.5862068965517,2.93103448275862,506
9.01515151515152,29.9545454545455,507
14.9622641509434,20.9811320754717,508
11.34375,7.359375,509
15.2272727272727,3.31818181818182,510
13,2.5,511
9.40740740740741,14.5740740740741,512
11.1311475409836,6.60655737704918,513
5.5,2.5,514
12.5396825396825,28.4761904761905,515
6.51785714285714,9.51785714285714,516
12,4.90909090909091,517
18,34,518
13.265625,7.71875,519
10.1551724137931,5.10344827586207,520
9.89473684210526,4.94736842105263,521
8.5,6,522
8.70491803278689,5.75409836065574,523
8.5,6,524
8.72727272727273,6.27272727272727,525
8.53846153846154,6.92307692307692,526
8.01612903225806,6.45161290322581,527
8.01612903225806,6.45161290322581,528
5.45283018867925,4.83018867924528,529
4,4.5,530
4.07317073170732,4.4390243902439,531
6.63793103448276,5.58620689655172,532
6.5,5.5,533
6.50769230769231,5.55384615384615,534
8.92857142857143,5.42857142857143,535
8.58108108108108,5.48648648648649,536
12.8939393939394,6.87878787878788,537
12.8939393939394,6.87878787878788,538
12.8939393939394,6.87878787878788,539
12.8939393939394,6.87878787878788,540
12.8939393939394,6.87878787878788,541
15.6811594202899,5.17391304347826,542
16.0615384615385,5.09230769230769,543
16.046875,5.03125,544
16.046875,5.03125,545
16.046875,5.03125,546
17,5.5,547
17.5,5.91379310344828,548
17.7777777777778,5.77777777777778,549
17.7777777777778,5.77777777777778,550
18.5,5.5,551
18.5,5.5,552
18.5925925925926,5.59259259259259,553
18.5636363636364,5.52727272727273,554
18.5636363636364,5.52727272727273,555
18.5,5.5,556
18.5,5.5,557
18.5,5.5,558
19.5,6,559
19.5581395348837,5.53488372093023,560
19.5581395348837,5.53488372093023,561
19.5581395348837,5.53488372093023,562
19.5,6,563
19.5,5.5,564
19.4444444444444,5.44444444444444,565
19.4444444444444,5.44444444444444,566
19.4444444444444,5.44444444444444,567
19.5,6.5,568
19.6,5.9,569
19.6363636363636,6.36363636363636,570
19.4074074074074,6.57407407407407,571
19.4074074074074,6.57407407407407,572
19.4074074074074,6.57407407407407,573
19.4074074074074,6.57407407407407,574
19.3636363636364,6.63636363636364,575
19.3636363636364,6.63636363636364,576
19.578125,7,577
19.5,6.5,578
19.5384615384615,6.92307692307692,579
19.5,6.5,580
19.5384615384615,6.92307692307692,581
19.5384615384615,6.92307692307692,582
19.5384615384615,6.92307692307692,583
19.5384615384615,6.92307692307692,584
18.9508196721311,6.49180327868852,585
19,6.41666666666667,586
18.9508196721311,6.49180327868852,587
19,6.5,588
19.0327868852459,6.57377049180328,589
18.9464285714286,6.98214285714286,590
18.9464285714286,6.98214285714286,591
18.9818181818182,7.05454545454545,592
18.9818181818182,7.05454545454545,593
18.9464285714286,6.98214285714286,594
18.9464285714286,6.98214285714286,595
19.1016949152542,6.67796610169492,596
19.0833333333333,6.5,597
19.0833333333333,6.5,598
19.0833333333333,6.5,599
19.0833333333333,6.5,600
19.0833333333333,6.5,601
19.0833333333333,6.5,602
19.0833333333333,6.58333333333333,603
18.5,4,604
14.2307692307692,2.88461538461538,605
13.5,2.5,606
18.8571428571429,5.3469387755102,607
6.8125,16.8125,608
8,2.5,609
6.80952380952381,3.38095238095238,610
19.5714285714286,15.4285714285714,611
5.92682926829268,34.5609756097561,612
20,10,613
10.7058823529412,4.29411764705882,614
12.5555555555556,3.44444444444444,615
12.5,5,616
12.7,4.8,617
12.7,4.8,618
12.7,4.8,619
12.7,4.8,620
12.7,4.8,621
12.7272727272727,5.27272727272727,622
16.3488372093023,3.72093023255814,623
17,4.5,624
16.2439024390244,3.85365853658537,625
16.2439024390244,3.85365853658537,626
16.2439024390244,3.85365853658537,627
16.2439024390244,3.85365853658537,628
18.8888888888889,4.11111111111111,629
18.9545454545455,4.06818181818182,630
18.9545454545455,4.06818181818182,631
18.9545454545455,4.06818181818182,632
18.9545454545455,4.06818181818182,633
18.9545454545455,4.06818181818182,634
18.9545454545455,4.06818181818182,635
19.5714285714286,4.57142857142857,636
12.0769230769231,4.92307692307692,637
12.015625,4.953125,638
11.9538461538462,4.98461538461538,639
11.8787878787879,5.01515151515152,640
12.0151515151515,4.95454545454545,641
12.0151515151515,4.95454545454545,642
12.0151515151515,4.95454545454545,643
12.0151515151515,4.95454545454545,644
10.0869565217391,5.3768115942029,645
9.92857142857143,5.57142857142857,646
11.5,2.5,647
12.0612244897959,4.48979591836735,648
12.3,4.8,649
6,2.5,650
6.5,2.5,651
6.5,2.5,652
6.5,2.5,653
3.79487179487179,3.33333333333333,654
3.42857142857143,3.42857142857143,655
3.35294117647059,3.38235294117647,656
3.42857142857143,3.42857142857143,657
3.42857142857143,3.42857142857143,658
3.42857142857143,3.42857142857143,659
3.42857142857143,3.42857142857143,660
3,3.5,661
3,3.5,662
3,3.5,663
3.42857142857143,3.57142857142857,664
3.42857142857143,3.57142857142857,665
3,4,666
3.42857142857143,3.57142857142857,667
3.5,4,668
3.5,4,669
3.5,4,670
3.5,4,671
3.5,4,672
3.5,4,673
3.5,4,674
3.5,4,675
3.5,4,676
4.94117647058824,4.54901960784314,677
6.65573770491803,4.11475409836066,678
11.3333333333333,12.3787878787879,679
19.6363636363636,31.6363636363636,680
16.1627906976744,2.90697674418605,681
14.2391304347826,2.82608695652174,682
10.3684210526316,4.89473684210526,683
4,2.5,684
10.0967741935484,32.4677419354839,685
6.30769230769231,4.30769230769231,686
13.5555555555556,5.44444444444444,687
11.9464285714286,4.98214285714286,688
16.5918367346939,35.0204081632653,689
18.8333333333333,23.3333333333333,690
11.9090909090909,2.95454545454545,691
NaN,NaN,692
13.5,2.5,693
13.5,2.5,694
13.5,2.5,695
13.5,2.5,696
14,2.5,697
14,2.5,698
14,2.5,699
6.58974358974359,2.94871794871795,700
7,2.5,701
7,2.5,702
9.72340425531915,2.87234042553191,703
11,2.5,704
11,2.5,705
11,2.5,706
11,2.5,707
11,2.5,708
11,2.5,709
11,2.5,710
10.1627906976744,2.90697674418605,711
11,2.5,712
11,2.5,713
11,2.5,714
11,2.5,715
11,2.5,716
11,2.5,717
11,2.5,718
12.5,2.5,719
12.5,2.5,720
12.5,2.5,721
13.5,2.5,722
13,2.5,723
13,2.5,724
13.5,2.5,725
13,2.5,726
13.5,2.5,727
13.5,2.5,728
13.5,2.5,729
13.5,2.5,730
14,2.5,731
12.5,2.5,732
11,2.5,733
16.5,2.5,734
7,2.5,735
7,2.5,736
7,2.5,737
7,2.5,738
7,2.5,739
7,2.5,740
7,2.5,741
7,2.5,742
13,2.5,743
NaN,NaN,744
NaN,NaN,745
NaN,NaN,746
NaN,NaN,747
NaN,NaN,748
NaN,NaN,749
NaN,NaN,750
NaN,NaN,751
8,4,752
10.4324324324324,2.83783783783784,753
3.5,5.5,754
20,8,755
4.5,32,756
10.7413793103448,4.82758620689655,757
11.2765957446809,2.87234042553191,758
14,2.92452830188679,759
19,26.5,760
14.5957446808511,3.19148936170213,761
10.2923076923077,4.86153846153846,762
19.4444444444444,31.5555555555556,763
8,2.5,764
8.45454545454546,4.40909090909091,765
NaN,NaN,766
6.33333333333333,33.8627450980392,767
13.26,3.32,768
10,2.5,769
14.0625,35.6041666666667,770
9,35,771
16.2083333333333,4.66666666666667,772
17,4,773
11.9795918367347,4.59183673469388,774
10.7551020408163,4.79591836734694,775
10.7551020408163,4.79591836734694,776
10.7,4.8,777
10.7551020408163,4.79591836734694,778
10.5,5,779
11.5806451612903,5.46774193548387,780
12.4920634920635,5.58730158730159,781
13.015873015873,5.03174603174603,782
13.015873015873,5.03174603174603,783
13.1617647058824,5.39705882352941,784
14.4126984126984,5.63492063492064,785
14.9264705882353,5.55882352941176,786
15.3650793650794,5.58730158730159,787
15.4852941176471,5.91176470588235,788
15.1803278688525,5.75409836065574,789
15.8214285714286,5.64285714285714,790
15.9137931034483,5.58620689655172,791
16,5.5,792
19.4285714285714,4.57142857142857,793
20,4.5,794
20,4.5,795
20,7,796
20,7,797
20,7,798
20,7,799
20,6.5,800
20,6.5,801
20,7,802
20.0833333333333,5.66666666666667,803
20.0833333333333,5.66666666666667,804
20.0408163265306,5.59183673469388,805
20.0833333333333,5.66666666666667,806
20.0408163265306,5.59183673469388,807
20.037037037037,6.09259259259259,808
20.037037037037,6.09259259259259,809
19.6470588235294,6.17647058823529,810
19.6470588235294,6.17647058823529,811
19.6470588235294,6.17647058823529,812
19.5,6,813
19.5,6,814
19.4,5.9,815
19.5,6,816
19.4,5.9,817
19.4,5.9,818
19.5471698113208,6.07547169811321,819
19.5471698113208,6.07547169811321,820
19.5471698113208,6.07547169811321,821
18.6086956521739,5.6304347826087,822
18,6,823
18.3863636363636,5.40909090909091,824
18,6,825
18.3863636363636,5.40909090909091,826
18.3863636363636,5.40909090909091,827
18.3863636363636,5.40909090909091,828
18,6,829
18.3863636363636,5.40909090909091,830
18,6,831
18.3333333333333,5.66666666666667,832
18,5,833
18,5,834
18,5,835
18,5,836
18,5,837
18,5,838
18,5,839
18,5,840
18,5,841
4.35294117647059,6.15686274509804,842
14.4237288135593,4.15254237288136,843
17,4,844
17.3958333333333,5.0625,845
17.3958333333333,5.0625,846
17.3,5.2,847
17.3,5.2,848
17.3,5.2,849
17.3,5.2,850
17.3,5.2,851
17.3,5.2,852
17.3,5.2,853
17.3,5.2,854
17.3,5.2,855
17.3,5.2,856
17.3,5.2,857
17.3,5.2,858
17.3,5.2,859
17.3,5.2,860
17,5,861
17,5,862
17,5,863
17,5,864
17,5,865
15.375,4.98214285714286,866
14.9090909090909,7.86363636363636,867
4.11111111111111,14.1111111111111,868
4.11111111111111,4.88888888888889,869
12.4307692307692,17.4769230769231,870
12.4,30.6461538461538,871
10.2222222222222,16.7777777777778,872
11.5961538461538,9,873
13.7719298245614,4.71929824561404,874
11.7037037037037,4.35185185185185,875
10.3,4.8,876
10.3,4.8,877
10.4468085106383,4.97872340425532,878
10.4468085106383,4.97872340425532,879
10.9090909090909,4.90909090909091,880
11.7857142857143,3.78571428571429,881
12.1538461538462,3.88461538461538,882
12.1538461538462,3.88461538461538,883
12.1538461538462,3.88461538461538,884
12.1538461538462,3.88461538461538,885
11.8852459016393,4.13114754098361,886
11.8852459016393,4.13114754098361,887
11.8852459016393,4.13114754098361,888
11.5178571428571,4.05357142857143,889
11.5178571428571,4.05357142857143,890
11.5178571428571,4.05357142857143,891
11.5178571428571,4.05357142857143,892
11.5178571428571,4.05357142857143,893
11.5178571428571,4.05357142857143,894
11.78,4.28,895
11.8909090909091,4.98181818181818,896
11.8909090909091,4.98181818181818,897
11.8909090909091,4.98181818181818,898
11.9464285714286,4.98214285714286,899
11.9464285714286,4.98214285714286,900
11.9464285714286,4.98214285714286,901
11.9464285714286,4.98214285714286,902
11.9464285714286,4.98214285714286,903
12.2727272727273,5.27272727272727,904
11.9491525423729,5.42372881355932,905
11.9491525423729,5.42372881355932,906
11.9491525423729,5.42372881355932,907
11.7777777777778,5.27777777777778,908
12,5.5,909
12,5.5,910
12,5.41666666666667,911
12,5.41666666666667,912
11.7272727272727,5.27272727272727,913
12,5.41666666666667,914
12,5.41666666666667,915
12,5.41666666666667,916
12.6136363636364,6.40909090909091,917
12.5294117647059,5.02941176470588,918
12.5294117647059,5.02941176470588,919
12.5294117647059,5.02941176470588,920
12.5294117647059,5.02941176470588,921
12.5294117647059,5.02941176470588,922
12.5294117647059,5.02941176470588,923
12.5294117647059,5.02941176470588,924
5.5,4.5,925
5.5,4,926
5.5,4,927
5.5,4,928
5.5,4,929
5.5,4,930
5.5,4,931
4.53061224489796,3.93877551020408,932
4.53061224489796,3.93877551020408,933
4.53061224489796,3.93877551020408,934
4.53061224489796,3.93877551020408,935
4.53061224489796,3.93877551020408,936
4.53061224489796,3.93877551020408,937
4.53061224489796,3.93877551020408,938
4.66666666666667,4.40740740740741,939
5.04081632653061,4.44897959183673,940
4.66666666666667,4.40740740740741,941
4.63636363636364,4.36363636363636,942
19.6315789473684,3.92105263157895,943
14.4615384615385,4.46153846153846,944
6.98484848484848,6.04545454545455,945
14.2641509433962,2.73584905660377,946
18.4576271186441,21.0338983050847,947
10.6101694915254,3.88135593220339,948
11.6666666666667,4.33333333333333,949
12.3333333333333,4.66666666666667,950
12.3333333333333,4.66666666666667,951
12.3333333333333,4.66666666666667,952
12,4.5,953
11.4406779661017,4.20338983050847,954
11.2857142857143,4.23214285714286,955
11.7037037037037,4.25925925925926,956
11.7037037037037,4.25925925925926,957
7.66666666666667,2.91666666666667,958
7.66666666666667,2.91666666666667,959
7.76086956521739,2.82608695652174,960
7.66666666666667,2.91666666666667,961
