x,y,t
18,2.5,1
16.5,2.5,2
17,2.5,3
17,2.5,4
18,2.5,5
6.5,2.5,6
20.5862068965517,2.93103448275862,7
17,2.5,8
17.5,2.5,9
17.5,2.5,10
18.5,2.5,11
10,2.5,12
18.5,2.5,13
20,7.5,14
21.5,2.5,15
6,3,16
6,2.5,17
21,3,18
6,2,19
19.6578947368421,2.89473684210526,20
19.5897435897436,2.94871794871795,21
19.0882352941176,2.94117647058824,22
19.5897435897436,2.94871794871795,23
19.5897435897436,2.94871794871795,24
19.5897435897436,2.94871794871795,25
19.5897435897436,2.94871794871795,26
19.5897435897436,2.94871794871795,27
19.6578947368421,2.89473684210526,28
19.5897435897436,2.94871794871795,29
19.6578947368421,2.89473684210526,30
20.0882352941176,2.94117647058824,31
20.5813953488372,3.46511627906977,32
20.2051282051282,3.33333333333333,33
20.0731707317073,3.4390243902439,34
20.0769230769231,3.46153846153846,35
20.15,3.4,36
20.5227272727273,3.52272727272727,37
20.0769230769231,3.46153846153846,38
20.15,3.4,39
20.5813953488372,3.46511627906977,40
20.0769230769231,3.46153846153846,41
19.5,2.5,42
14,2.5,43
19.5,3,44
19.5,2.5,45
19.5,2.5,46
19,2.5,47
16.5,3,48
5,2.5,49
20,2.5,50
NaN,NaN,51
16,2.5,52
16.5,2.5,53
12.6129032258065,2.45161290322581,54
15.0909090909091,2.95454545454545,55
20,2.5,56
19.5,2.5,57
7,3,58
19,2.90697674418605,59
21.0882352941176,2.94117647058824,60
21.5,3,61
18.5,2.5,62
22,8,63
16.5,2.5,64
11.5,2.5,65
6.5,3,66
8.61363636363636,8.40909090909091,67
20.2051282051282,3.33333333333333,68
18,2.5,69
13.8510638297872,3.36170212765957,70
11.5,3,71
21.5862068965517,2.93103448275862,72
21.5,2.5,73
6.5,2.5,74
17.5,2.5,75
15.5675675675676,2.83783783783784,76
8.15151515151515,2.87878787878788,77
6,3,78
19,2.5,79
15,2.90697674418605,80
8,2.5,81
19.5,3,82
15,12,83
16.0454545454545,3.93181818181818,84
16.4358974358974,4.05128205128205,85
14.5,2.5,86
NaN,NaN,87
20.5,2.5,88
20.5,3,89
NaN,NaN,90
7.5,2.5,91
21.5,2.5,92
20.9117647058824,2.94117647058824,93
13.5,2.5,94
18.9487179487179,3.43589743589744,95
19,2.5,96
20.0882352941176,2.94117647058824,97
12.5,2.5,98
NaN,NaN,99
6.41379310344828,2.93103448275862,100
19.9117647058824,2.94117647058824,101
20,2.5,102
6,2,103
10.5,3,104
20.5,2.5,105
7.5,6,106
19,3,107
19,3,108
19,3,109
13,2.5,110
14.5675675675676,2.83783783783784,111
14.6578947368421,2.89473684210526,112
14.1515151515152,2.87878787878788,113
14.6578947368421,2.89473684210526,114
14.5,2.5,115
8.5,3.5,116
12,2.5,117
10.5,3,118
21,3,119
20,2.5,120
20,2.5,121
20,2.5,122
20,2.5,123
11,2.5,124
NaN,NaN,125
6.39130434782609,2.43478260869565,126
6,2.5,127
6,2.5,128
10.5,2.5,129
10.5862068965517,2.93103448275862,130
13,2.5,131
6,3,132
6.41379310344828,2.93103448275862,133
19.5,2.5,134
21.5,3,135
19.5,2.5,136
NaN,NaN,137
17,2.5,138
10,2.5,139
11.5,3,140
12,3,141
11.5,2.5,142
18.0909090909091,2.95454545454545,143
19.9117647058824,2.94117647058824,144
19.9117647058824,2.94117647058824,145
6.5,2.5,146
22,4,147
18,3,148
11,2.5,149
9.5,2.5,150
14.4137931034483,2.93103448275862,151
16,2.90697674418605,152
12.5,2.5,153
10.5,11,154
16,5,155
16,5,156
16,5,157
17,5.5,158
18.5833333333333,4.10416666666667,159
6.5,3,160
20.5,2.5,161
20,3,162
20,3,163
20.5,2.5,164
17.5,2.5,165
19,2.5,166
19.5,2.5,167
10.5,2.5,168
19.5,2.5,169
NaN,NaN,170
10.5555555555556,3.44444444444444,171
13.5,2.5,172
14.5,2.5,173
15.1836734693878,3.26530612244898,174
20.125,3.375,175
19,3,176
19,3.375,177
19,3,178
12,2.5,179
13.5,2.5,180
NaN,NaN,181
17,2.90697674418605,182
10.5675675675676,2.83783783783784,183
10,2.5,184
10,2.5,185
9.5,2.5,186
10.5,2.5,187
10,2.5,188
10.5,2.5,189
NaN,NaN,190
9.5,2.5,191
NaN,NaN,192
8.41379310344828,2.93103448275862,193
NaN,NaN,194
10.5,2.5,195
19.5,2.5,196
6,3,197
20,2.5,198
8.5,3,199
19.5,3,200
18.9117647058824,2.94117647058824,201
18.8484848484848,2.87878787878788,202
19.5,2.5,203
13.5,2.5,204
15.9285714285714,2.85714285714286,205
19.4,5.1,206
21.4418604651163,5.53488372093023,207
21.5,4.5,208
21.3863636363636,4.59090909090909,209
21.5609756097561,4.92682926829268,210
21.5,5,211
21.4358974358974,5.05128205128205,212
21.4358974358974,5.05128205128205,213
22,5.5,214
21.5714285714286,5.42857142857143,215
19.4102564102564,2.94871794871795,216
16.4102564102564,2.94871794871795,217
16.4102564102564,2.94871794871795,218
16.4102564102564,2.94871794871795,219
16.4102564102564,2.94871794871795,220
16.4102564102564,2.94871794871795,221
16.4102564102564,2.94871794871795,222
16.4102564102564,2.94871794871795,223
16.4102564102564,2.94871794871795,224
16.4102564102564,2.94871794871795,225
16.4102564102564,2.94871794871795,226
16.4102564102564,2.94871794871795,227
16.4102564102564,2.94871794871795,228
16.4102564102564,2.94871794871795,229
16.4102564102564,2.94871794871795,230
16.4102564102564,2.94871794871795,231
16.4102564102564,2.94871794871795,232
16.4102564102564,2.94871794871795,233
16.4102564102564,2.94871794871795,234
18.5,2.5,235
17.5,2.5,236
17.5,2.5,237
17.5,2.5,238
17.5,2.5,239
17.5,2.5,240
17.5,2.5,241
17,2.5,242
17.5,2.5,243
17,2.5,244
17.5,2.5,245
17.5,2.5,246
17,2.5,247
17.5,2.5,248
17,2.5,249
17,2.5,250
17.5,2.5,251
17,2.5,252
17,2.5,253
17.5,2.5,254
17.5,2.5,255
17.5,2.5,256
17.5,2.5,257
17,2.5,258
17.5,2.5,259
17.5,2.5,260
17,2.5,261
16.5,2.5,262
17,2.5,263
NaN,NaN,264
17.5,2.5,265
17,2.5,266
17.5,2.5,267
17,2.5,268
17.5,2.5,269
17,2.5,270
17.5,2.5,271
17,2.5,272
17,2.5,273
17,2.5,274
17.5,2.5,275
17,2.5,276
17.5,2.5,277
17,2.5,278
17,2.5,279
17,2.5,280
17.5,2.5,281
17,2.5,282
17.5,2.5,283
17.5,2.5,284
17,2.5,285
17,2.5,286
17,2.5,287
17.5,2.5,288
17,2.5,289
17,2.5,290
17.5,2.5,291
17,2.5,292
17.5,2.5,293
17,2.5,294
17,2.5,295
17,2.5,296
17.5,2.5,297
17,2.5,298
17,2.5,299
17,2.5,300
17.5,2.5,301
17,2.5,302
17,2.5,303
17,2.5,304
17,2.5,305
17,2.5,306
17,2.5,307
17,2.5,308
20,2.5,309
10.9117647058824,2.94117647058824,310
NaN,NaN,311
14.5,2.5,312
15.5,2.5,313
16.5,2.5,314
16.5,2.5,315
16,2.5,316
16,2.5,317
16,2.5,318
16,2.5,319
16,2.5,320
16,2.5,321
16,2.5,322
16,2.5,323
16,2.5,324
16,2.5,325
16,2.5,326
16,2.5,327
16,2.5,328
16,2.5,329
16,2.5,330
16,2.5,331
15.5,2.5,332
16,2.5,333
16,2.5,334
16,2.5,335
16,2.5,336
16,2.5,337
16,2.5,338
16.5,3,339
6.5,2.5,340
19.5862068965517,2.93103448275862,341
12.5,2.5,342
9,2.5,343
7.83720930232558,2.90697674418605,344
8.7027027027027,2.83783783783784,345
21.5,3,346
21.5,3,347
12,2.5,348
NaN,NaN,349
13,3,350
18.5,2.5,351
18,2.5,352
NaN,NaN,353
13.7027027027027,2.83783783783784,354
11,2.5,355
7,3,356
19.5,3.5,357
6.08823529411765,2.94117647058824,358
6.5,3,359
6.5,3,360
12,2.5,361
17,2.5,362
7,2.5,363
18,3,364
19.5,2.5,365
12,2.5,366
13,2.5,367
16.4324324324324,2.83783783783784,368
20.3863636363636,7.40909090909091,369
20.3863636363636,7.40909090909091,370
19.0454545454545,4.93181818181818,371
18.9318181818182,5.04545454545455,372
20.5,2.5,373
16.5897435897436,2.94871794871795,374
13.5,2.5,375
17,2.5,376
22,3.5,377
5,25.5,378
12.375,3.875,379
12,4,380
14.4324324324324,2.83783783783784,381
9.5,3,382
7,2.5,383
15.5897435897436,2.94871794871795,384
15.5,2.89473684210526,385
15.5675675675676,2.83783783783784,386
15.0882352941176,2.94117647058824,387
18.5,2.5,388
13,2.5,389
6,2,390
12.5,2.5,391
17.125,3.375,392
15.5,2.89473684210526,393
12.6578947368421,2.89473684210526,394
7.08823529411765,2.94117647058824,395
19.0882352941176,2.94117647058824,396
17.4137931034483,2.93103448275862,397
12.1627906976744,2.90697674418605,398
13.1315789473684,3.39473684210526,399
19.5,2.5,400
6.41379310344828,2.93103448275862,401
13.5,3,402
20.0882352941176,2.94117647058824,403
18.5,16,404
14.9791666666667,7.47916666666667,405
14.5,5.5,406
14.5,5.5,407
14.5,5.5,408
14.5,5.5,409
14.5,5.5,410
14.8571428571429,5.6530612244898,411
14.5,5.5,412
14.5,5.5,413
14.8571428571429,5.6530612244898,414
14.8958333333333,5.58333333333333,415
17.5,4,416
20.0882352941176,2.94117647058824,417
20,3,418
20.0769230769231,3.33333333333333,419
20.15,3.4,420
20.15,3.4,421
20.0769230769231,3.46153846153846,422
20.0769230769231,3.46153846153846,423
20.0769230769231,3.46153846153846,424
20.0731707317073,3.4390243902439,425
20.0769230769231,3.46153846153846,426
20.1315789473684,3.39473684210526,427
20.2051282051282,3.33333333333333,428
20.2051282051282,3.33333333333333,429
20.5714285714286,3.42857142857143,430
20.5,3,431
20.2051282051282,3.33333333333333,432
20.2051282051282,3.33333333333333,433
20,3,434
20.5,3,435
19.5,2.5,436
19.5,2.5,437
19.5,2.5,438
19.5,2.5,439
19.5,2.5,440
19.5,2.5,441
19.5,2.5,442
19.5,2.5,443
19.5,2.5,444
19.5,2.5,445
19.5,2.5,446
19.5,2.5,447
19.5,2.5,448
19.5,2.5,449
19.5,2.5,450
19.5,2.5,451
19.5,2.5,452
19.5,2.5,453
19.5,2.5,454
19,2.5,455
13,2.5,456
18,3,457
7.94871794871795,8.43589743589744,458
7.92682926829268,9.4390243902439,459
6.5,7.5,460
6.5,3,461
7,3,462
18,2.5,463
19,2.5,464
19,2.5,465
19,2.5,466
19,2.5,467
19,2.5,468
19,2.5,469
19,2.5,470
19,2.5,471
19,2.5,472
19,2.5,473
19,2.5,474
19,2.5,475
19,2.5,476
19,2.5,477
19,2.5,478
19,2.5,479
19,2.5,480
19,2.5,481
19,2.5,482
19,2.5,483
19,2.5,484
19,2.5,485
19,2.5,486
19,2.5,487
19,2.5,488
19,2.5,489
19,2.5,490
19,2.5,491
19,2.5,492
19,2.5,493
19,2.5,494
19,2.5,495
19,2.5,496
19,2.5,497
18.5,2.5,498
12,2.5,499
20.4102564102564,2.94871794871795,500
NaN,NaN,501
7.5,19.5,502
15,6,503
15,4.5,504
10.6363636363636,3.40909090909091,505
8.41025641025641,2.94871794871795,506
8.91176470588235,2.94117647058824,507
8.91176470588235,2.94117647058824,508
8.91176470588235,2.94117647058824,509
9.5,2.5,510
9.5,2.5,511
9.5,2.5,512
9.5,2.5,513
9.5,2.5,514
9.5,2.5,515
9.5,2.5,516
10,2.5,517
9.5,2.5,518
9.5,2.5,519
9.5,2.5,520
9.5,2.5,521
11.5897435897436,2.94871794871795,522
20.5897435897436,2.94871794871795,523
20,2.87878787878788,524
10.2972972972973,2.83783783783784,525
16.5555555555556,4.44444444444444,526
14.3333333333333,4.33333333333333,527
NaN,NaN,528
NaN,NaN,529
8,2.5,530
17.0714285714286,2.85714285714286,531
11.6744186046512,3.34883720930233,532
11.5,3,533
15.5,3,534
11.5,2.5,535
14.5897435897436,2.94871794871795,536
18.5,2.5,537
NaN,NaN,538
10.5,14,539
10,9,540
7.5,6,541
8.5,6,542
8.5,5,543
6,2,544
21,2.5,545
21,2.5,546
21,2.5,547
21,2.5,548
21,2.5,549
21,2.5,550
21,2.5,551
21,2.5,552
20.5,2.5,553
19.5,2.5,554
19,2.5,555
19,2.5,556
19,2.5,557
20,2.5,558
19.5,2.5,559
19.5,2.5,560
19.5,2.5,561
19.5,2.5,562
19,2.5,563
19.5,2.5,564
19.5,2.5,565
19.5,2.5,566
19.5,2.5,567
19,2.5,568
19.5,2.5,569
19.5,2.5,570
19.5,2.5,571
19.5,2.5,572
19.5,2.5,573
19.5,2.5,574
19.5,2.5,575
19.5,2.5,576
19.5,2.5,577
19.5,2.5,578
19.5,2.5,579
19,2.5,580
18.5,2.5,581
17.5,2.5,582
19.5,23.5,583
20.5641025641026,6.94871794871795,584
21,6,585
21,6,586
21,6.5,587
21,6.5,588
21.3863636363636,6.59090909090909,589
21.3333333333333,6.66666666666667,590
21.3333333333333,6.66666666666667,591
21.3863636363636,6.59090909090909,592
21.375,6.125,593
18.5,2.5,594
17.8484848484848,2.87878787878788,595
17.9117647058824,2.94117647058824,596
17.9117647058824,2.94117647058824,597
17.9117647058824,2.94117647058824,598
17.9117647058824,2.94117647058824,599
21,3,600
11.5,2.5,601
6.58620689655172,2.93103448275862,602
7.5,3,603
7.5,3,604
16.0882352941176,2.94117647058824,605
16.5,2.5,606
8.7,2.4,607
15.6304347826087,3.39130434782609,608
21.5,2.5,609
17.2727272727273,4.31818181818182,610
15.5,8.5,611
16.1590909090909,7.15909090909091,612
7,16,613
11.5714285714286,9.57142857142857,614
12.4285714285714,9.42857142857143,615
12.5555555555556,6.44444444444444,616
12.5744680851064,5.5531914893617,617
12.4444444444444,5.44444444444444,618
12.4090909090909,5.38636363636364,619
13.5,5.5,620
13.5,5.5,621
13.3469387755102,5.85714285714286,622
13.5,5.5,623
13.5,5.5,624
13.5,5.5,625
13.5,5.5,626
13.3469387755102,5.85714285714286,627
13.5,5.5,628
13.5,5.5,629
13.5,5.5,630
13.5,5.5,631
13.5,5.5,632
13.5,5.5,633
13.5,5.5,634
13.5,5.5,635
12.6136363636364,4.59090909090909,636
NaN,NaN,637
16.0882352941176,2.94117647058824,638
16.0882352941176,2.94117647058824,639
17,2.5,640
18,2.5,641
18,2.87878787878788,642
17.5862068965517,2.93103448275862,643
17.5862068965517,2.93103448275862,644
17.5862068965517,2.93103448275862,645
17.5,3,646
17.5,3,647
17.4137931034483,2.93103448275862,648
17.5,3,649
17.0882352941176,2.94117647058824,650
17.0882352941176,2.94117647058824,651
18,2.5,652
19.5,2.5,653
14.5897435897436,2.94871794871795,654
18,2.5,655
13.5,2.5,656
5.42857142857143,7.57142857142857,657
17.8888888888889,5.88888888888889,658
18,5.3,659
18.4444444444444,4.44444444444444,660
15.8125,3.72916666666667,661
9,2.5,662
11.5,3,663
20.5897435897436,2.94871794871795,664
20.6578947368421,2.89473684210526,665
21,3,666
21.0882352941176,2.94117647058824,667
20.5897435897436,2.94871794871795,668
20.4137931034483,2.93103448275862,669
20.5,2.5,670
20.5,2.5,671
20.5,2.5,672
20.5,2.5,673
20.5,2.5,674
20.5,2.5,675
20.5,2.5,676
20.5,2.5,677
20.5,2.5,678
20.5,2.5,679
20.5,2.5,680
20.5,2.5,681
20.5,2.5,682
20.5,2.5,683
20.5,2.5,684
20.5,2.5,685
20.5,2.5,686
20.5,2.5,687
20.5,2.5,688
20.5,2.5,689
20.5,2.5,690
20.5,2.5,691
20.5,2.5,692
20.5,2.5,693
20.5,2.5,694
20.5,2.5,695
20,2.5,696
19.5,2.5,697
NaN,NaN,698
NaN,NaN,699
NaN,NaN,700
9.5,6,701
16.5897435897436,2.94871794871795,702
18,2.5,703
6,3,704
16.6666666666667,13.3333333333333,705
16.7,12.9,706
16.5,13.5,707
15.4358974358974,5.05128205128205,708
15.4166666666667,5.10416666666667,709
15.4468085106383,5.04255319148936,710
15.4166666666667,5.10416666666667,711
16.5641025641026,4.94871794871795,712
21.5,3,713
19.4137931034483,2.93103448275862,714
19.4137931034483,2.93103448275862,715
19.4137931034483,2.93103448275862,716
18.9117647058824,2.94117647058824,717
19.4137931034483,2.93103448275862,718
19.4137931034483,2.93103448275862,719
19.5,2.5,720
19.5,2.5,721
19.5,2.5,722
19.5,2.5,723
19.5,2.5,724
19.5,2.5,725
19.5,2.5,726
19.5,2.5,727
19.5,2.5,728
19.5,2.5,729
19.5,2.5,730
19.5,2.5,731
19.5,2.5,732
19.5,2.5,733
19.5,2.5,734
19.5,2.5,735
19.5,2.5,736
19.5,2.5,737
19.5,2.5,738
19.5,2.5,739
19.5,2.5,740
19.5,2.5,741
19.5,2.5,742
19.5,2.5,743
19.5,2.5,744
19.5,2.5,745
19.5,2.5,746
19.5,2.5,747
19.5,2.5,748
19.5,2.5,749
19.5,2.5,750
19.5,2.5,751
19.5,2.5,752
19.5,2.5,753
19.5,2.5,754
NaN,NaN,755
9.5,2.5,756
8.5,2.5,757
NaN,NaN,758
NaN,NaN,759
19,2.5,760
18.5897435897436,2.94871794871795,761
18.5897435897436,2.94871794871795,762
18.5897435897436,2.94871794871795,763
18.5897435897436,2.94871794871795,764
18.5897435897436,2.94871794871795,765
18.5897435897436,2.94871794871795,766
18.5897435897436,2.94871794871795,767
18.5897435897436,2.94871794871795,768
18.5897435897436,2.94871794871795,769
18.5897435897436,2.94871794871795,770
18.6578947368421,2.89473684210526,771
18.5897435897436,2.94871794871795,772
18.6578947368421,2.89473684210526,773
18.5897435897436,2.94871794871795,774
19.0714285714286,2.85714285714286,775
18.6578947368421,2.89473684210526,776
19.0714285714286,2.85714285714286,777
18.6578947368421,2.89473684210526,778
19.0714285714286,2.85714285714286,779
18.6578947368421,2.89473684210526,780
19.0714285714286,2.85714285714286,781
19.0714285714286,2.85714285714286,782
19.0714285714286,2.85714285714286,783
19.0714285714286,2.85714285714286,784
18.5,2.5,785
18.5,2.5,786
19,2.5,787
18.5,2.5,788
19,2.5,789
18.5,2.5,790
19,2.5,791
18.5,2.5,792
19,2.5,793
19,2.5,794
19,2.5,795
19,2.5,796
19.4137931034483,2.93103448275862,797
17.3421052631579,2.89473684210526,798
10.5,2.5,799
11.3684210526316,3.92105263157895,800
20.2051282051282,3.33333333333333,801
20.2051282051282,3.33333333333333,802
8,3.5,803
20,6.5,804
5,6.5,805
5.04545454545455,7.06818181818182,806
6.41379310344828,2.93103448275862,807
20.0909090909091,2.95454545454545,808
21.2051282051282,3.33333333333333,809
16.5813953488372,3.46511627906977,810
22,4,811
16.5897435897436,2.94871794871795,812
10.4102564102564,2.94871794871795,813
7.2972972972973,2.83783783783784,814
6,2.5,815
6,2.5,816
7,2.5,817
9.5,2.5,818
9.5,2.5,819
17,3,820
9.5,2.5,821
10.0882352941176,2.94117647058824,822
12.1162790697674,3.90697674418605,823
7.34210526315789,2.89473684210526,824
12.5,2.5,825
19.5,3,826
11.9545454545455,6.06818181818182,827
17.4090909090909,21.6136363636364,828
19.3958333333333,11.0625,829
21.0408163265306,5.42857142857143,830
15.5,2.89473684210526,831
NaN,NaN,832
NaN,NaN,833
NaN,NaN,834
NaN,NaN,835
16,2.5,836
16.9117647058824,2.94117647058824,837
16.9117647058824,2.94117647058824,838
16.9117647058824,2.94117647058824,839
16.9117647058824,2.94117647058824,840
17,2.5,841
17.5,2.5,842
12.5,2.5,843
11,2.5,844
10.5,2.5,845
NaN,NaN,846
14.4358974358974,28.0512820512821,847
16,3.5,848
15.5641025641026,4.05128205128205,849
15.3541666666667,3.22916666666667,850
15.2439024390244,2.80487804878049,851
15.2439024390244,2.80487804878049,852
15.2439024390244,2.80487804878049,853
15.2439024390244,2.80487804878049,854
15.2439024390244,2.80487804878049,855
15.1627906976744,2.90697674418605,856
15.2142857142857,2.85714285714286,857
15.2142857142857,2.85714285714286,858
15.2142857142857,2.85714285714286,859
15.2142857142857,2.85714285714286,860
15.1627906976744,2.90697674418605,861
15.2142857142857,2.85714285714286,862
15.2142857142857,2.85714285714286,863
15.2142857142857,2.85714285714286,864
15.2142857142857,2.85714285714286,865
15.2142857142857,2.85714285714286,866
15.2142857142857,2.85714285714286,867
15.2142857142857,2.85714285714286,868
15.2142857142857,2.85714285714286,869
15.2142857142857,2.85714285714286,870
15.2439024390244,2.80487804878049,871
15.0909090909091,2.95454545454545,872
15.2439024390244,2.80487804878049,873
15.2439024390244,2.80487804878049,874
15.2142857142857,2.85714285714286,875
15.2142857142857,2.85714285714286,876
15.2142857142857,2.85714285714286,877
15.2142857142857,2.85714285714286,878
15.2142857142857,2.85714285714286,879
15.2142857142857,2.85714285714286,880
15.2439024390244,2.80487804878049,881
15.1627906976744,2.90697674418605,882
15.2142857142857,2.85714285714286,883
15.0909090909091,2.95454545454545,884
15.2142857142857,2.85714285714286,885
15.0909090909091,2.95454545454545,886
15.2142857142857,2.85714285714286,887
15.0909090909091,2.95454545454545,888
15.2142857142857,2.85714285714286,889
15.0909090909091,2.95454545454545,890
15.2142857142857,2.85714285714286,891
15.2142857142857,2.85714285714286,892
15.2142857142857,2.85714285714286,893
15.0909090909091,2.95454545454545,894
15.2142857142857,2.85714285714286,895
15.2142857142857,2.85714285714286,896
15.0909090909091,2.95454545454545,897
15.1627906976744,2.90697674418605,898
15.2142857142857,2.85714285714286,899
15.0909090909091,2.95454545454545,900
15.0909090909091,2.95454545454545,901
15.1627906976744,2.90697674418605,902
15.0909090909091,2.95454545454545,903
15.2142857142857,2.85714285714286,904
15.0909090909091,2.95454545454545,905
15.0909090909091,2.95454545454545,906
15.2439024390244,2.80487804878049,907
15.0909090909091,2.95454545454545,908
15.1627906976744,2.90697674418605,909
15.0909090909091,2.95454545454545,910
15.2142857142857,2.85714285714286,911
15.2142857142857,2.85714285714286,912
15.2142857142857,2.85714285714286,913
15.2142857142857,2.85714285714286,914
15.0909090909091,2.95454545454545,915
15.5,3,916
16.4090909090909,3.61363636363636,917
11.5,2.5,918
9.84848484848485,2.87878787878788,919
9.84848484848485,2.87878787878788,920
9.84848484848485,2.87878787878788,921
9.84848484848485,2.87878787878788,922
9.84848484848485,2.87878787878788,923
9.84848484848485,2.87878787878788,924
9.84848484848485,2.87878787878788,925
9.84848484848485,2.87878787878788,926
9.84848484848485,2.87878787878788,927
9.84848484848485,2.87878787878788,928
9.84848484848485,2.87878787878788,929
9.84848484848485,2.87878787878788,930
9.84848484848485,2.87878787878788,931
10,2.5,932
10,2.5,933
10,2.5,934
10,2.5,935
12.9090909090909,2.95454545454545,936
14.5897435897436,2.94871794871795,937
14.5897435897436,2.94871794871795,938
14.0909090909091,2.95454545454545,939
NaN,NaN,940
10.5,3,941
16.6666666666667,11.6666666666667,942
14.5714285714286,22.0408163265306,943
17,13,944
17,13.5,945
16,3.5,946
15.6470588235294,3.38235294117647,947
16.3529411764706,3.38235294117647,948
14.5862068965517,2.93103448275862,949
13.5,3,950
14,2.87878787878788,951
13,3,952
12.6744186046512,3.34883720930233,953
9.5,2.5,954
14,2.5,955
14,2.5,956
14,2.5,957
14,2.5,958
18.5,2.5,959
18,2.5,960
17,2.87878787878788,961
