x,y,t,id
871.491150442478,528.495575221239,1,1
874.552631578947,531.460526315789,2,1
877.821862348178,536.121457489879,3,1
880.351778656126,539.02766798419,4,1
882.923694779116,538.815261044177,5,1
885.261603375527,537.742616033755,6,1
887.570850202429,535.558704453441,7,1
891.2421875,533.59765625,8,1
894.107883817427,529.622406639004,9,1
895.425702811245,524.530120481928,10,1
896.672199170124,518.07468879668,11,1
899.129707112971,512.577405857741,12,1
901.665369649805,507.299610894942,13,1
902.79012345679,502.522633744856,14,1
901.359504132231,497.095041322314,15,1
896.67578125,491.8046875,16,1
891.642857142857,487.915966386555,17,1
885.321428571429,483.736607142857,18,1
880.06880733945,482.5,19,1
873.244239631336,482.723502304147,20,1
867.791666666667,483.208333333333,21,1
859.956730769231,482.975961538462,22,1
850.894736842105,483.732456140351,23,1
843.392405063291,484.075949367089,24,1
835.644351464435,483.79079497908,25,1
830.655555555556,481.181481481481,26,1
827.189516129032,475.879032258065,27,1
824.915254237288,470.639830508475,28,1
823.432653061225,463.240816326531,29,1
823.226495726496,456.961538461538,30,1
824.448598130841,449.42523364486,31,1
824.757575757576,443.233766233766,32,1
823.523404255319,437.472340425532,33,1
821.437229437229,431.593073593074,34,1
817.60546875,424.953125,35,1
812.286919831224,420.333333333333,36,1
808.04845814978,417.991189427313,37,1
802.489177489177,418.471861471861,38,1
796.310638297872,420.868085106383,39,1
790.445344129555,425.51012145749,40,1
786.158536585366,431.235772357724,41,1
782.146443514644,438.673640167364,42,1
780.633187772926,445.493449781659,43,1
780.870833333333,451.7125,44,1
782.634854771784,458.921161825726,45,1
785.845188284519,464.707112970711,46,1
790.384920634921,470.095238095238,47,1
796.544715447154,475.414634146341,48,1
803.1171875,479.36328125,49,1
810.477911646586,482.630522088353,50,1
816.603174603175,486.896825396825,51,1
823.514170040486,492.46963562753,52,1
825.163793103448,497.75,53,1
824.766666666667,503.4375,54,1
824.104347826087,509.5,55,1
824.844155844156,514.948051948052,56,1
825.780701754386,520.94298245614,57,1
826.125,522.961206896552,58,1
826.094420600858,522.948497854077,59,1
826.047210300429,522.944206008584,60,1
826.838983050847,523.491525423729,61,1
827.302631578947,523.622807017544,62,1
827.452991452991,525.5,63,1
827.081447963801,530.610859728507,64,1
826.004504504505,538.423423423423,65,1
824.453703703704,545.935185185185,66,1
823.354545454545,552.822727272727,67,1
822.925438596491,559.017543859649,68,1
823.529411764706,564.036199095023,69,1
824.878661087866,564.602510460251,70,1
828.755555555556,569.244444444444,71,1
833.90243902439,572.158536585366,72,1
839.907488986784,575.052863436123,73,1
846.069444444444,575.601851851852,74,1
851.917050691244,575.331797235023,75,1
855.96943231441,574.899563318777,76,1
856.182203389831,574.529661016949,77,1
856.627118644068,573.258474576271,78,1
856.957627118644,572.495762711864,79,1
856.320833333333,570.9625,80,1
855.714932126697,570.434389140271,81,1
855.131221719457,570.325791855204,82,1
855.304347826087,570.260869565217,83,1
855.085714285714,570.87619047619,84,1
854.600917431193,570.853211009174,85,1
854.242677824268,570.192468619247,86,1
854.470319634703,569.963470319635,87,1
854.864253393665,569.515837104072,88,1
854.987012987013,567.047619047619,89,1
855.730769230769,563.051282051282,90,1
855.212962962963,557.157407407407,91,1
854.525581395349,549.460465116279,92,1
855.672811059908,543.198156682028,93,1
857.836820083682,536.347280334728,94,1
861.922131147541,531.032786885246,95,1
863.60593220339,529.966101694915,96,1
864.576419213974,529.56768558952,97,1
865.629482071713,528.589641434263,98,1
867.936708860759,526.430379746835,99,1
870.74672489083,525.768558951965,100,1
874.041095890411,525.675799086758,101,1
879.044897959184,524.040816326531,102,1
879.789029535865,519.717299578059,103,1
878.47265625,513.6875,104,1
874.682730923695,507.429718875502,105,1
869.382978723404,503.944680851064,106,1
864.055813953488,501.413953488372,107,1
863.747899159664,500.693277310924,108,1
861.45564516129,497.532258064516,109,1
857.878151260504,491.701680672269,110,1
854.56640625,486.8125,111,1
849.192771084337,481.293172690763,112,1
843.911504424779,479.256637168142,113,1
839.598326359833,482.117154811715,114,1
834.974468085106,487.48085106383,115,1
830.639344262295,493.659836065574,116,1
828.119047619048,501.047619047619,117,1
827.416342412451,508.4046692607,118,1
828.02024291498,515.404858299595,119,1
830.464435146444,523.974895397489,120,1
833.092592592593,530.388888888889,121,1
835.899563318777,535.131004366812,122,1
836.487288135593,535.987288135593,123,1
836.464285714286,535.602678571429,124,1
838.134453781513,535.394957983193,125,1
841.957627118644,536.504237288136,126,1
847.876068376068,540.542735042735,127,1
851.880658436214,544.218106995885,128,1
857.451754385965,549.59649122807,129,1
861.073469387755,553.910204081633,130,1
865.778225806452,559.028225806452,131,1
869.721774193548,563.334677419355,132,1
873.607287449393,567.352226720648,133,1
876.476744186047,569.895348837209,134,1
877.126482213439,571.474308300395,135,1
877.475,572.120833333333,136,1
877.424369747899,572.155462184874,137,1
877.427966101695,572.156779661017,138,1
877.475,572.120833333333,139,1
877.404255319149,572.174468085106,140,1
877.783673469388,572.302040816327,141,1
877.519823788546,572.471365638767,142,1
877.455696202532,572.143459915612,143,1
878.097457627119,572.364406779661,144,1
877.742222222222,572.306666666667,145,1
877.876712328767,572.625570776256,146,1
877.946666666667,572.991111111111,147,1
877.938053097345,573.03982300885,148,1
877.955947136564,573.008810572687,149,1
878.293617021277,573.153191489362,150,1
878.80737704918,573.19262295082,151,1
881.447368421053,574.543859649123,152,1
885.970833333333,576.5125,153,1
891.157205240175,577.864628820961,154,1
897.490825688073,579.110091743119,155,1
904.089795918367,580.959183673469,156,1
910.097046413502,583.253164556962,157,1
917.013215859031,586.885462555066,158,1
921.921052631579,589.065789473684,159,1
927.032520325203,592.028455284553,160,1
932.044642857143,595.071428571429,161,1
937.030973451327,598.982300884956,162,1
941.191836734694,602.857142857143,163,1
944.757322175732,608.71129707113,164,1
946.142857142857,613.46218487395,165,1
947.544715447154,619,166,1
948.974137931035,624.961206896552,167,1
949.808333333333,630.566666666667,168,1
949.972850678733,632.515837104072,169,1
950.663900414938,631.796680497925,170,1
952.900452488688,628.524886877828,171,1
957.017699115044,627.070796460177,172,1
962.967741935484,624.943548387097,173,1
968.848360655738,621.811475409836,174,1
974.688524590164,617.725409836066,175,1
980.16,614.12,176,1
985.795744680851,610.348936170213,177,1
990.991769547325,605.930041152263,178,1
995.987854251012,601.056680161943,179,1
999.842553191489,596.31914893617,180,1
1003.52244897959,593.485714285714,181,1
1008.60655737705,589.52868852459,182,1
1012.70564516129,584.629032258065,183,1
1016.02510460251,578.518828451883,184,1
1016.38461538462,572.9592760181,185,1
1013.7,566.34347826087,186,1
1009.7625,561.720833333333,187,1
1004.65740740741,558.898148148148,188,1
999.427272727273,558.040909090909,189,1
992.326271186441,556.228813559322,190,1
986.557522123894,556.256637168142,191,1
980.043269230769,555.975961538462,192,1
974.463519313305,555.068669527897,193,1
969.067796610169,553.419491525424,194,1
962.995951417004,550.040485829959,195,1
956.977973568282,545.938325991189,196,1
952.396624472574,541.168776371308,197,1
947.608510638298,535.889361702128,198,1
943.05905511811,530.444881889764,199,1
938.157446808511,525.302127659574,200,1
934.266949152542,520.169491525424,201,1
930.612,514.496,202,1
927.016666666667,507.529166666667,203,1
925.475,503.008333333333,204,1
924.876068376068,497.051282051282,205,1
923.924369747899,491.075630252101,206,1
924.012765957447,485.978723404255,207,1
924.152892561983,479.595041322314,208,1
924.072874493927,473.485829959514,209,1
923.41015625,467.49609375,210,1
921.063492063492,461.888888888889,211,1
918.995780590717,456.282700421941,212,1
916.89519650655,449.013100436681,213,1
916.495495495495,442.918918918919,214,1
916.209090909091,436.386363636364,215,1
916.026548672566,430.030973451327,216,1
916.553719008264,424.04132231405,217,1
918.798387096774,417.959677419355,218,1
921.598360655738,412.569672131148,219,1
924.582278481013,407.080168776371,220,1
926.076923076923,401.570135746606,221,1
926.855371900826,395.487603305785,222,1
926.48085106383,388.617021276596,223,1
925.388,383.444,224,1
922.236734693878,375.836734693878,225,1
920.772357723577,371.19918699187,226,1
918.024096385542,367.028112449799,227,1
914.344129554656,365.801619433198,228,1
910.960526315789,365.017543859649,229,1
905.805194805195,365.753246753247,230,1
901.453815261044,368.381526104418,231,1
896.477732793522,372.396761133603,232,1
891.45703125,375.921875,233,1
887.156,380.144,234,1
883.011764705882,385.6,235,1
879.896265560166,391.365145228216,236,1
877.270916334661,398.286852589641,237,1
875.45652173913,405.44347826087,238,1
873.431718061674,411.42731277533,239,1
871.128,418.012,240,1
869.344398340249,424.883817427386,241,1
868.123931623932,431.935897435897,242,1
867.470588235294,439.049773755656,243,1
867.504464285714,446.919642857143,244,1
867.525581395349,454.460465116279,245,1
867.426666666667,461.964444444444,246,1
867.52466367713,469.964125560538,247,1
868.520547945206,476.963470319635,248,1
870.5,482.5,249,1
873.132295719844,488.334630350195,250,1
875.782426778243,493.63179916318,251,1
878.705179282868,499.310756972112,252,1
881.674509803922,505.623529411765,253,1
883.44398340249,511.078838174274,254,1
882.077235772358,516.077235772358,255,1
878.566801619433,520.51012145749,256,1
875.79746835443,523.253164556962,257,1
875.47859922179,523.105058365759,258,1
874.34309623431,524.887029288703,259,1
873.050632911392,525.62447257384,260,1
872.655870445344,525.647773279352,261,1
872.673387096774,525.673387096774,262,1
872.037656903766,526.464435146444,263,1
871.137096774194,526.991935483871,264,1
870.382978723404,527.893617021277,265,1
869.554585152838,527.624454148472,266,1
869.462555066079,527.480176211454,267,1
868.659292035398,527.632743362832,268,1
867.8671875,530.390625,269,1
868.133620689655,533.931034482759,270,1
870.122270742358,538.816593886463,271,1
872.736,543.32,272,1
875.713080168776,549.818565400844,273,1
876.818565400844,555.080168776371,274,1
874.210084033613,560.59243697479,275,1
869.932773109244,564.403361344538,276,1
864.233333333333,566.658333333333,277,1
857.525,568.091666666667,278,1
851.977272727273,567.645454545455,279,1
844.646551724138,567.543103448276,280,1
838,567.45045045045,281,1
832.266666666667,566.229166666667,282,1
826.374468085106,563.991489361702,283,1
820.372469635628,559.663967611336,284,1
816.076923076923,555.906882591093,285,1
811.967741935484,551.052419354839,286,1
807.162393162393,546.435897435897,287,1
804.139830508475,542.351694915254,288,1
801.910204081633,538.081632653061,289,1
800.108786610879,534.330543933054,290,1
797.157894736842,529.872807017544,291,1
794.5,523.5,292,1
791.663865546219,518.941176470588,293,1
790.393939393939,519.766233766234,294,1
788.798165137615,522.307339449541,295,1
786.1589958159,526.661087866109,296,1
785.9,532.340909090909,297,1
786.082608695652,538.752173913044,298,1
786.974358974359,545.021367521368,299,1
788.947791164659,551.100401606426,300,1
792.424892703863,557.56652360515,301,1
795.827731092437,564.634453781513,302,1
799.471264367816,571,303,1
803.77868852459,576.295081967213,304,1
807.869198312236,581.552742616034,305,1
812.856031128405,584.610894941634,306,1
817.75221238938,586.225663716814,307,1
822.6,585.604347826087,308,1
829.575221238938,585.278761061947,309,1
837.067510548523,585.451476793249,310,1
844.041493775934,587.419087136929,311,1
849.707627118644,590.843220338983,312,1
855.222222222222,596.277777777778,313,1
859.041841004184,601.556485355649,314,1
861.987447698745,607.569037656904,315,1
865.457831325301,614.409638554217,316,1
868.118942731278,619.995594713656,317,1
869.73417721519,625.738396624473,318,1
872.413043478261,631.613043478261,319,1
875.039130434783,637,320,1
876.891304347826,643.091304347826,321,1
878.514767932489,649.919831223629,322,1
880,657.5,323,1
879.508130081301,664.487804878049,324,1
876.551587301587,669.579365079365,325,1
871.060240963855,674.935742971888,326,1
865.602620087336,677.672489082969,327,1
858.877272727273,679.404545454545,328,1
850.555066079295,679.709251101322,329,1
842.990867579909,680.324200913242,330,1
835.060606060606,680.199134199134,331,1
827.135135135135,680.594594594595,332,1
819.56846473029,682.070539419087,333,1
812.945606694561,683.384937238494,334,1
807.201680672269,684.823529411765,335,1
801.04435483871,688.008064516129,336,1
796.861111111111,691.789682539683,337,1
793.995670995671,696.004329004329,338,1
792.122171945701,700.633484162896,339,1
792.560538116592,706.883408071749,340,1
793.026431718062,713.537444933921,341,1
792.651376146789,721.100917431193,342,1
792.047210300429,727.107296137339,343,1
789.548245614035,734.495614035088,344,1
786.654008438819,739.160337552743,345,1
782.518828451883,743.075313807531,346,1
778.075313807531,744.52719665272,347,1
771.025531914894,744.846808510638,348,1
766.034482758621,743.978448275862,349,1
760.569037656904,740.933054393305,350,1
754.565400843882,736.89029535865,351,1
748.646341463415,732.426829268293,352,1
742.623430962343,727.933054393305,353,1
737.07264957265,723.354700854701,354,1
731.907172995781,718.455696202532,355,1
725.926829268293,712.963414634146,356,1
720.251012145749,707.728744939271,357,1
715.028112449799,701.895582329317,358,1
709.967741935484,694.971774193548,359,1
705.451219512195,688.491869918699,360,1
700.906779661017,680.580508474576,361,1
696.12955465587,674.87044534413,362,1
690.902040816327,669.032653061224,363,1
685.535087719298,663.438596491228,364,1
680.827309236948,658.212851405622,365,1
675.592741935484,654.415322580645,366,1
670.044444444444,652.008888888889,367,1
