x,y,t,id
911.156,538.12,1,1
909.324110671937,515.126482213439,2,1
915.943181818182,496.484848484848,3,1
929.9921875,483.92578125,4,1
953.181467181467,476.243243243243,5,1
977.332046332046,475.332046332046,6,1
1002.07480314961,482.854330708661,7,1
1021.92592592593,489.7,8,1
1031.43243243243,499.521235521235,9,1
1044.01509433962,515.471698113208,10,1
1053.15671641791,527.492537313433,11,1
1057.00396825397,542.575396825397,12,1
1055.95102040816,562,13,1
1053.84351145038,581.946564885496,14,1
1046.02536231884,599.11231884058,15,1
1034.32677165354,613.326771653543,16,1
1027.0752688172,627.150537634409,17,1
1023.57647058824,638.650980392157,18,1
1017.42412451362,643.322957198444,19,1
1001.22471910112,647.857677902622,20,1
993.091240875912,653.113138686131,21,1
983.957528957529,658,22,1
972.514925373134,653.89552238806,23,1
958.647940074906,647.76404494382,24,1
950.402255639098,646.360902255639,25,1
944.054151624549,640.971119133574,26,1
938.953571428571,634.035714285714,27,1
932.330909090909,629.712727272727,28,1
925.224719101124,628.430711610487,29,1
918.011070110701,625.583025830258,30,1
916.282868525896,617.155378486056,31,1
915.687022900763,604.412213740458,32,1
915.547619047619,595.166666666667,33,1
918.464285714286,589.503571428571,34,1
920.335907335907,581.555984555985,35,1
924.056224899598,572.598393574297,36,1
930.167910447761,564.578358208955,37,1
931.880769230769,559.957692307692,38,1
935.447653429603,556.346570397112,39,1
941.635687732342,549.219330855019,40,1
940.406360424028,542.487632508834,41,1
934.516853932584,537.850187265918,42,1
926.613718411552,535.393501805054,43,1
917.677655677656,532.362637362637,44,1
910.720930232558,532.449612403101,45,1
903.384030418251,534.923954372624,46,1
896.79704797048,532.686346863469,47,1
893.5,524.5,48,1
892.930402930403,514.6336996337,49,1
896.384615384615,508.384615384615,50,1
901.581132075472,501.08679245283,51,1
904.465648854962,494.484732824427,52,1
908.086956521739,489.079710144928,53,1
912.179389312977,484.606870229008,54,1
911.797709923664,479.954198473282,55,1
911.243346007605,476.608365019011,56,1
910.940928270042,476.050632911392,57,1
911.902953586498,475.89029535865,58,1
912.995901639344,476.5,59,1
914.280991735537,476.888429752066,60,1
915.235537190083,476.793388429752,61,1
916.461538461538,474.919230769231,62,1
920.798507462687,472.391791044776,63,1
925.212454212454,471.384615384615,64,1
930.859712230216,467.859712230216,65,1
936.356060606061,462.852272727273,66,1
942.446886446886,459.498168498169,67,1
948.591911764706,454.621323529412,68,1
953.475471698113,447.988679245283,69,1
956.885304659498,441.060931899642,70,1
962.071161048689,436.591760299625,71,1
967.503649635036,433.686131386861,72,1
971.072463768116,428.952898550725,73,1
969.028985507246,423.597826086957,74,1
963.531468531468,417.909090909091,75,1
954.664179104478,409.783582089552,76,1
944.102189781022,403.751824817518,77,1
935.127819548872,398.488721804511,78,1
925.977186311787,396.117870722433,79,1
919.294545454545,393.585454545455,80,1
914.541044776119,389.05223880597,81,1
914.179282868526,383.227091633466,82,1
911.485185185185,379.933333333333,83,1
909.967032967033,379.058608058608,84,1
908.424124513619,377.556420233463,85,1
907.718146718147,373.243243243243,86,1
905.919540229885,367.172413793103,87,1
902.909090909091,365.018181818182,88,1
896.680608365019,363.346007604563,89,1
889.992337164751,363.11877394636,90,1
886.142348754448,366.185053380783,91,1
881.086419753086,369.633744855967,92,1
875.672064777328,370.748987854251,93,1
872.599221789883,370.575875486381,94,1
870.065134099617,372.927203065134,95,1
867.853383458647,376.387218045113,96,1
863.884328358209,377.171641791045,97,1
857.520754716981,375.815094339623,98,1
851.936329588015,372.565543071161,99,1
848,366.960784313725,100,1
843.407547169811,363.124528301887,101,1
838.788104089219,361.710037174721,102,1
836.580769230769,362.776923076923,103,1
836.171314741036,364.525896414343,104,1
836.389105058366,365.264591439689,105,1
836.622950819672,365.237704918033,106,1
836.648535564854,365.569037656904,107,1
837.11013215859,365.638766519824,108,1
837.043859649123,365.609649122807,109,1
837.573221757322,365.623430962343,110,1
837.091703056769,365.624454148472,111,1
837.542016806723,365.554621848739,112,1
837.502092050209,365.52719665272,113,1
837.54693877551,365.836734693878,114,1
837.532520325203,365.849593495935,115,1
837.452586206897,365.754310344828,116,1
837.621951219512,365.991869918699,117,1
837.608510638298,365.723404255319,118,1
837.464435146444,365.573221757322,119,1
837.141509433962,365.858490566038,120,1
837.138392857143,365.714285714286,121,1
837.088105726872,365.57268722467,122,1
837.102803738318,365.864485981308,123,1
837.080357142857,365.665178571429,124,1
837.612765957447,365.727659574468,125,1
837.618025751073,365.721030042918,126,1
837.192488262911,366.150234741784,127,1
837.306306306306,365.86036036036,128,1
837.165919282511,365.793721973094,129,1
837.596638655462,365.445378151261,130,1
837.538461538462,365.34188034188,131,1
837.521186440678,365.28813559322,132,1
837.574468085106,365.365957446809,133,1
837.538461538462,365.34188034188,134,1
837.331818181818,365.6,135,1
837.630901287554,365.755364806867,136,1
837.696581196581,365.794871794872,137,1
837.682403433476,365.725321888412,138,1
837.652542372881,365.652542372881,139,1
837.232142857143,365.392857142857,140,1
837.213953488372,365,141,1
837.6,365.304347826087,142,1
837.663793103448,365.211206896552,143,1
837.626086956522,365.069565217391,144,1
837.522821576763,364.796680497925,145,1
837.07468879668,364.352697095436,146,1
837.063829787234,363.910638297872,147,1
836.617886178862,363.882113821138,148,1
834.280898876405,364.157303370787,149,1
833.092741935484,364.25,150,1
830.524714828897,363.429657794677,151,1
827.128787878788,362.325757575758,152,1
824.314393939394,359.189393939394,153,1
820.162878787879,356.318181818182,154,1
816.041984732824,353.519083969466,155,1
813.219607843137,350.635294117647,156,1
809.687050359712,345.334532374101,157,1
805.985663082437,340.394265232975,158,1
802.288321167883,334.569343065693,159,1
802.082437275986,330.132616487455,160,1
802.48275862069,327.574712643678,161,1
801.494296577947,324.608365019011,162,1
798.958174904943,320.67680608365,163,1
798.033457249071,319.494423791822,164,1
798.073076923077,318.038461538462,165,1
799.667984189723,316.051383399209,166,1
800.966666666667,314.344444444444,167,1
800.392307692308,313.511538461538,168,1
798.503676470588,313.922794117647,169,1
797.241509433962,314.449056603774,170,1
796.129963898917,314.920577617329,171,1
794.933054393305,317.138075313808,172,1
791.422794117647,320.095588235294,173,1
786.831460674157,324.164794007491,174,1
781.584837545126,328.57761732852,175,1
775.647286821705,331.399224806202,176,1
773.89667896679,332.586715867159,177,1
772.940520446097,334.431226765799,178,1
773.538181818182,334.705454545455,179,1
773.43359375,334.515625,180,1
773.161048689139,334.554307116105,181,1
773.155893536122,334.722433460076,182,1
773.408396946565,334.961832061069,183,1
774.403846153846,335.419230769231,184,1
776.023529411765,336.529411764706,185,1
778.908045977012,340.134099616858,186,1
783.546153846154,347.5,187,1
786.761538461538,357.334615384615,188,1
787,367.574803149606,189,1
787.330798479087,376.505703422053,190,1
785.854406130268,383.946360153257,191,1
784.419243986254,390.955326460481,192,1
783.527881040892,393.048327137546,193,1
783.032608695652,393.079710144928,194,1
781.628158844765,394.649819494585,195,1
780.503597122302,396.553956834532,196,1
778.509225092251,400.084870848708,197,1
776.714801444043,402.606498194946,198,1
774.996240601504,404.353383458647,199,1
773.465949820789,406.41935483871,200,1
773.03007518797,409.954887218045,201,1
775.828244274809,414.12213740458,202,1
778.858208955224,416.485074626866,203,1
784.304347826087,416.442028985507,204,1
792.354609929078,416.86170212766,205,1
799.191011235955,418.337078651685,206,1
805.473895582329,418.935742971888,207,1
808.418604651163,418.542635658915,208,1
809.984375,418.98046875,209,1
809.551181102362,419.503937007874,210,1
809.514285714286,419.918367346939,211,1
809.456896551724,419.551724137931,212,1
809.388888888889,419.404761904762,213,1
809.485829959514,418.983805668016,214,1
809.442553191489,418.582978723404,215,1
809.390243902439,419.036585365854,216,1
808.804979253112,418.713692946058,217,1
808.46484375,418.55078125,218,1
807.886639676113,417.574898785425,219,1
806.891129032258,416.350806451613,220,1
806.323741007194,413.273381294964,221,1
805.250922509225,409.819188191882,222,1
804.985294117647,401.724264705882,223,1
807.320895522388,393.847014925373,224,1
812.643564356436,385.188118811881,225,1
819.452702702703,378.567567567568,226,1
826.272401433692,375.172043010753,227,1
834.511450381679,372.454198473282,228,1
844.436507936508,372.047619047619,229,1
853.843416370107,374.007117437722,230,1
861.121428571429,376.789285714286,231,1
869.007782101167,379.964980544747,232,1
876.408239700375,382.198501872659,233,1
884.007299270073,384.861313868613,234,1
892.533582089552,387.839552238806,235,1
894.55303030303,389.037878787879,236,1
896.494382022472,389.074906367041,237,1
899.864864864865,386.926640926641,238,1
904.470802919708,382.565693430657,239,1
905.488372093023,378.562015503876,240,1
905.138181818182,375.781818181818,241,1
904.333333333333,372.49063670412,242,1
902.273076923077,369.861538461538,243,1
900.086330935252,365.920863309353,244,1
895.921428571429,358.989285714286,245,1
891.630597014925,351.123134328358,246,1
890.634980988593,343.71102661597,247,1
889.478260869565,337.086956521739,248,1
886.964980544747,331.023346303502,249,1
886.370229007634,328.541984732824,250,1
886.686046511628,326.600775193798,251,1
887.752895752896,325.930501930502,252,1
889.361538461538,324.380769230769,253,1
890.7890625,320.91015625,254,1
890.265384615385,319.507692307692,255,1
887.232974910394,319.899641577061,256,1
884.67578125,323.2265625,257,1
881.235074626866,329.623134328358,258,1
877.112840466926,338.155642023346,259,1
870.755319148936,350.287234042553,260,1
865.514084507042,358.056338028169,261,1
856.524528301887,367.856603773585,262,1
847.566455696203,375.680379746835,263,1
838.659793814433,382.06529209622,264,1
828.536121673004,388.121673003802,265,1
819,396,266,1
811.507575757576,404.155303030303,267,1
805.433447098976,415.532423208191,268,1
800.081784386617,421.646840148699,269,1
791.91958041958,428.391608391608,270,1
788.633333333333,431.125925925926,271,1
785.933579335793,436.39483394834,272,1
786.435294117647,441.098039215686,273,1
786.905349794239,444.004115226337,274,1
786.053639846743,445.022988505747,275,1
785.613382899628,445.104089219331,276,1
785.732558139535,444.705426356589,277,1
785.950191570881,445.015325670498,278,1
786.069230769231,444.996153846154,279,1
786.523076923077,446.261538461538,280,1
786.698412698413,448.15873015873,281,1
786.482625482626,455.362934362934,282,1
787,460.642857142857,283,1
786.639215686274,463.6,284,1
784.581481481481,468.137037037037,285,1
780.217898832685,474.225680933852,286,1
774.553278688525,479.040983606557,287,1
771.540856031128,479.583657587549,288,1
767.869387755102,478.530612244898,289,1
766.158333333333,477.883333333333,290,1
763.671814671815,477.254826254826,291,1
762.784552845528,476.99593495935,292,1
762.44578313253,477.116465863454,293,1
762.68679245283,476.807547169811,294,1
763.656370656371,476.401544401544,295,1
764.449275362319,475.413043478261,296,1
763.389473684211,472.070175438596,297,1
761.093862815884,463.909747292419,298,1
759,457.950191570881,299,1
