x,y,t,id
1018.51865671642,538.970149253731,1,1
1018.25,539.23828125,2,1
1018.19391634981,539.448669201521,3,1
1018.90492957746,539.454225352113,4,1
1019.98148148148,539.607407407407,5,1
1024.01879699248,539.372180451128,6,1
1025.92957746479,537.535211267606,7,1
1024.51550387597,535.507751937984,8,1
1021.66287878788,533.772727272727,9,1
1019.60071942446,532.525179856115,10,1
1019.98872180451,533.443609022556,11,1
1021.03649635036,534.346715328467,12,1
1020.6404494382,533.794007490637,13,1
1019.01544401544,533.050193050193,14,1
1017.28521126761,536.25,15,1
1018.15217391304,539.050724637681,16,1
1019.31297709924,542.404580152672,17,1
1019.13888888889,541.686507936508,18,1
1019.00362318841,541.04347826087,19,1
1015.39768339768,540.594594594595,20,1
1011.15725806452,540.495967741935,21,1
1009.9852398524,539.446494464945,22,1
1009.29104477612,538.216417910448,23,1
1007.89393939394,538.068181818182,24,1
1007.01908396947,538.064885496183,25,1
1007.42753623188,537.032608695652,26,1
1006.81138790036,533.138790035587,27,1
1006.76277372263,529.57299270073,28,1
1006.95255474453,529.335766423358,29,1
1012.81818181818,527.321678321678,30,1
1016.39179104478,525.820895522388,31,1
1018.31182795699,524.318996415771,32,1
1020.44866920152,525.410646387833,33,1
1022.14801444043,526.826714801444,34,1
1022.52613240418,528.822299651568,35,1
1021.24905660377,532.490566037736,36,1
1019.46538461538,533.45,37,1
1020.60227272727,533.378787878788,38,1
1024.03191489362,536.265957446809,39,1
1025.17537313433,538.335820895522,40,1
1024.46808510638,538.553191489362,41,1
1024.22962962963,539.366666666667,42,1
1024.45774647887,539.531690140845,43,1
1024.56428571429,539.553571428571,44,1
1023.74242424242,541.685606060606,45,1
1022.57342657343,543.237762237762,46,1
1018.0037037037,543.507407407407,47,1
1015.56666666667,540.97037037037,48,1
1012.38989169675,538.516245487365,49,1
1007.41434262948,538.067729083665,50,1
1006.58461538462,538.407692307692,51,1
1006.93632958801,538.531835205992,52,1
1007.35205992509,538.966292134831,53,1
1007.00357142857,539.028571428571,54,1
1007.4435483871,539,55,1
1006.41295546559,538.82995951417,56,1
1006.54474708171,537.887159533074,57,1
1005.8641509434,537.083018867925,58,1
1004.42446043165,536.442446043165,59,1
1003.33818181818,533.545454545455,60,1
1002.2679245283,532.184905660377,61,1
1000.58052434457,530.955056179775,62,1
999.393103448276,529.255172413793,63,1
1001.80782918149,527.967971530249,64,1
1009.79061371841,522.913357400722,65,1
1018.74475524476,520.237762237762,66,1
1026.69675090253,518.631768953069,67,1
1030.9846743295,519.164750957854,68,1
1032.90252707581,523.064981949458,69,1
1035.45255474453,530.660583941606,70,1
1036.20446096654,536.241635687732,71,1
1035.10583941606,539.083941605839,72,1
1033.95849056604,540.928301886792,73,1
1033.84172661871,540.971223021583,74,1
1036.78623188406,542.097826086957,75,1
1039.13718411552,544.942238267148,76,1
1036.20817843866,549.60594795539,77,1
1027.38721804511,555.763157894737,78,1
1017.30434782609,556.108695652174,79,1
1008.43253968254,554.865079365079,80,1
1004.33707865169,551.307116104869,81,1
998.455172413793,545.103448275862,82,1
994.491228070175,538.066666666667,83,1
992.174825174825,534.192307692308,84,1
988.582089552239,532.914179104478,85,1
987.068592057762,532.913357400722,86,1
985.737226277372,532.295620437956,87,1
984.010169491525,530.864406779661,88,1
981.003636363636,525.007272727273,89,1
981.535211267606,519.408450704225,90,1
981.921146953405,516.025089605735,91,1
980.513605442177,512.312925170068,92,1
978.837370242215,509.595155709343,93,1
978.89928057554,506.140287769784,94,1
981.253623188406,502.090579710145,95,1
984.470383275261,499.947735191638,96,1
987.476014760148,495.029520295203,97,1
986.345724907063,492.211895910781,98,1
986.867924528302,490,99,1
988.352272727273,484.409090909091,100,1
989.126865671642,482.59328358209,101,1
986.043010752688,482.996415770609,102,1
983.5559566787,483.429602888087,103,1
982.469230769231,482.6,104,1
982.921568627451,482.050980392157,105,1
982.037453183521,483.232209737828,106,1
975.744186046512,485.717054263566,107,1
963.088,489.452,108,1
951.652671755725,491.549618320611,109,1
947.071146245059,492.573122529644,110,1
948.036900369004,499.608856088561,111,1
947.827160493827,500.448559670782,112,1
947.484251968504,501.330708661417,113,1
947.98828125,500.1953125,114,1
948.06640625,500.06640625,115,1
948.05859375,500.0234375,116,1
948.050387596899,500.127906976744,117,1
948.40329218107,500.106995884774,118,1
947.951672862454,500.60594795539,119,1
947.644,501.144,120,1
947.83064516129,501.338709677419,121,1
947.122676579926,501.553903345725,122,1
947.56640625,501.4765625,123,1
947.965648854962,501.446564885496,124,1
947.573076923077,501.223076923077,125,1
947.20325203252,501.585365853659,126,1
947.238866396761,501.603238866397,127,1
947.6640625,501.75390625,128,1
947.578947368421,502.012145748988,129,1
947.681647940075,502.288389513109,130,1
947.076923076923,503.51012145749,131,1
946.482625482626,507.46332046332,132,1
943.978260869565,513.090579710145,133,1
938.608365019011,516.072243346008,134,1
934.506072874494,514.753036437247,135,1
929.507194244604,512.420863309353,136,1
921.943089430894,508.540650406504,137,1
914.538152610442,506.979919678715,138,1
912.530685920578,512.469314079422,139,1
908.487364620939,523.454873646209,140,1
901.821818181818,534.981818181818,141,1
899.313432835821,543.611940298507,142,1
901.933333333333,552.533333333333,143,1
898.166666666667,558.938405797101,144,1
888.589552238806,563.798507462687,145,1
880.944237918216,561.483271375465,146,1
874.182142857143,550.85,147,1
875.698884758364,538.360594795539,148,1
883.397849462366,528.562724014337,149,1
891.471014492754,520.449275362319,150,1
896.596,521.144,151,1
903.992537313433,529.526119402985,152,1
909.615107913669,543.334532374101,153,1
910.573033707865,554.524344569288,154,1
908.278571428571,571.114285714286,155,1
905.754578754579,583.96336996337,156,1
902.019083969466,595.022900763359,157,1
894.067669172932,605.605263157895,158,1
886.982456140351,608.659649122807,159,1
881.625899280576,616.568345323741,160,1
879.37037037037,626.37037037037,161,1
882.394160583942,637.945255474453,162,1
889.516363636364,647.476363636364,163,1
901.198555956679,652.667870036101,164,1
912.528301886792,658.841509433962,165,1
925.429065743945,662.878892733564,166,1
940.3671875,669.6328125,167,1
950.649402390438,669.884462151394,168,1
961.594890510949,664.576642335766,169,1
968.137037037037,664.407407407407,170,1
967.68679245283,664.758490566038,171,1
967.585820895522,664.914179104478,172,1
967.667924528302,666.871698113208,173,1
967.340996168582,669.766283524904,174,1
967.029304029304,671.326007326007,175,1
966.57528957529,665.339768339768,176,1
964.313868613139,659.36496350365,177,1
965.804270462633,651.003558718861,178,1
971.367857142857,641.425,179,1
977.268115942029,632.358695652174,180,1
982.301369863014,623.006849315069,181,1
981.85401459854,613.339416058394,182,1
980.023346303502,599.536964980545,183,1
979.479245283019,587.415094339623,184,1
976.951672862454,583.996282527881,185,1
969.378181818182,575.541818181818,186,1
966.780487804878,567.202090592334,187,1
970.380434782609,564.373188405797,188,1
969.746323529412,563.297794117647,189,1
968.272727272727,562.897233201581,190,1
968.727272727273,563,191,1
967.161538461538,564.892307692308,192,1
967.150943396226,564.539622641509,193,1
967.670588235294,564.164705882353,194,1
967.580392156863,564.086274509804,195,1
967.406504065041,563.634146341463,196,1
966.95564516129,563.778225806452,197,1
966.549180327869,563.684426229508,198,1
966.849206349206,563.674603174603,199,1
966.582677165354,563.933070866142,200,1
966.666666666667,564.03137254902,201,1
967.354330708661,563.913385826772,202,1
967.426877470356,563.99209486166,203,1
967.354330708661,563.96062992126,204,1
967.315352697095,563.51867219917,205,1
967.420408163265,563.485714285714,206,1
967.024096385542,563.489959839357,207,1
966.820610687023,563.480916030534,208,1
967.045267489712,563.144032921811,209,1
967.366533864542,563.035856573705,210,1
967.414937759336,563.448132780083,211,1
968,563.5,212,1
968.229885057471,563.367816091954,213,1
967.948,563.508,214,1
967.895161290323,563.483870967742,215,1
968.072289156627,563.578313253012,216,1
967.767068273092,563.333333333333,217,1
967.706611570248,563.644628099174,218,1
967.859922178988,563.568093385214,219,1
967.683127572016,563.61316872428,220,1
967.392307692308,563.807692307692,221,1
967.320675105485,563.721518987342,222,1
967.602459016393,563.614754098361,223,1
967.679324894515,563.603375527426,224,1
968.534090909091,564.018939393939,225,1
969.477443609023,564.063909774436,226,1
970.43956043956,563.395604395604,227,1
971.25855513308,561.980988593156,228,1
970.352517985611,559.568345323741,229,1
970.040441176471,557.459558823529,230,1
973.179104477612,554.805970149254,231,1
978.444444444444,554.952380952381,232,1
985.192567567568,557.861486486486,233,1
989.026022304833,561.527881040892,234,1
989.496268656716,562.988805970149,235,1
990.022471910112,563.445692883895,236,1
992.471042471042,559.339768339768,237,1
993.608108108108,554.820945945946,238,1
993.462633451957,550.38078291815,239,1
991.403100775194,547.104651162791,240,1
987.521126760563,543.862676056338,241,1
982.737588652482,535.379432624114,242,1
982.238970588235,530.069852941176,243,1
979.976923076923,529.973076923077,244,1
979.114624505929,526.454545454545,245,1
980.658273381295,523.539568345324,246,1
981.221789883268,521.233463035019,247,1
980.168582375479,519.11877394636,248,1
981.832142857143,517.835714285714,249,1
986.436567164179,518.044776119403,250,1
989.985130111524,518.293680297398,251,1
989.25468164794,516.775280898876,252,1
984.751968503937,515.858267716535,253,1
981.468164794008,516.928838951311,254,1
974.8125,518.20703125,255,1
964.961089494163,518.953307392996,256,1
957.539568345324,515.622302158273,257,1
953.434456928839,512.101123595506,258,1
946.085501858736,511.620817843866,259,1
935.252,511.624,260,1
923.415384615385,509.634615384615,261,1
917.566433566434,505.073426573427,262,1
916.413793103448,496.287356321839,263,1
916.634328358209,486.388059701493,264,1
913.423220973783,482.011235955056,265,1
910.42578125,484.00390625,266,1
905.435251798561,488.669064748201,267,1
894.115079365079,492.603174603175,268,1
879.570881226054,493.628352490421,269,1
867.509293680297,496.869888475836,270,1
859.649305555556,504.055555555556,271,1
853.626811594203,514.615942028986,272,1
841.466898954704,523.912891986063,273,1
828.083032490975,532.191335740072,274,1
821.638989169675,543.649819494585,275,1
820.148698884758,557.368029739777,276,1
813.548951048951,566.982517482517,277,1
799.80223880597,571.179104477612,278,1
784.449438202247,572.164794007491,279,1
770.583333333333,567.935606060606,280,1
760.006944444444,559.506944444444,281,1
752.712727272727,549.356363636364,282,1
748.566176470588,548.555147058824,283,1
740.619607843137,547.254901960784,284,1
728.517509727626,545.482490272374,285,1
717.628975265018,544.689045936396,286,1
710.562724014337,546.390681003584,287,1
698.792592592593,546.455555555556,288,1
689.267657992565,544.200743494424,289,1
685.072243346008,543.916349809886,290,1
683.476868327402,549.480427046263,291,1
680.503676470588,558.996323529412,292,1
675.611510791367,569.640287769784,293,1
671.39175257732,576.948453608247,294,1
669.047101449275,588.536231884058,295,1
667.861313868613,600.540145985401,296,1
669.982935153584,608.518771331058,297,1
678.940298507463,616.481343283582,298,1
689.0625,625.524305555556,299,1
700.938181818182,633.029090909091,300,1
714.335877862595,633.732824427481,301,1
727.639846743295,633.329501915709,302,1
737.225352112676,631.721830985916,303,1
742.327338129496,625.392086330935,304,1
