x,y,t,id
1001.84673366834,547.407035175879,1,1
1010.29440389294,563.080291970803,2,1
1011.995,565.0625,3,1
1012.04218362283,566.97270471464,4,1
1015.58133971292,567.086124401914,5,1
1033.58530805687,562.703791469194,6,1
1036.53676470588,556.512254901961,7,1
1029.04,542.261176470588,8,1
1025.91891891892,532.692874692875,9,1
1022.21582733813,526.959232613909,10,1
1006.07710843373,525.780722891566,11,1
990.748768472906,532.967980295566,12,1
976.226829268293,542.743902439024,13,1
958.837270341207,545.283464566929,14,1
948.384210526316,541.105263157895,15,1
928.289215686274,528.223039215686,16,1
910.266169154229,515.497512437811,17,1
894.07969151671,513.359897172237,18,1
881.406862745098,515.507352941176,19,1
868.547677261614,527,20,1
854.379146919431,541.919431279621,21,1
842.491094147583,558,22,1
842.627791563275,578.004962779156,23,1
843.967741935484,599.370967741935,24,1
850.466334164588,615.4463840399,25,1
861.036231884058,631.695652173913,26,1
870.459459459459,646.972972972973,27,1
881.026894865526,664.422982885086,28,1
894.490697674419,677.937209302326,29,1
911.342857142857,682.950649350649,30,1
929.789340101523,682.951776649746,31,1
951.31654676259,680.529976019185,32,1
969.201030927835,675.69587628866,33,1
985.920289855072,670.908212560386,34,1
1001.97536945813,667.812807881773,35,1
1016.13300492611,666.85960591133,36,1
1030.27777777778,668.603535353535,37,1
1043.62871287129,665.405940594059,38,1
1059.16509433962,657.410377358491,39,1
1074.62899262899,648.233415233415,40,1
1089.30660377358,637.969339622642,41,1
1101.41882352941,626.042352941176,42,1
1114.54822335025,620.007614213198,43,1
1130.58585858586,623.563131313131,44,1
1146.75480769231,630.064903846154,45,1
1163.64028776978,639.436450839329,46,1
1180.24146341463,646.185365853658,47,1
1197.40909090909,648.282828282828,48,1
1210.94059405941,650.54702970297,49,1
1223.73012048193,645.551807228916,50,1
1236.79130434783,636.15,51,1
1249.38874680307,630.892583120205,52,1
1256.91494845361,629.64175257732,53,1
1258.53506493506,629.412987012987,54,1
1258.656167979,629.469816272966,55,1
1258.76103896104,629.862337662338,56,1
1258.56041131105,629.398457583548,57,1
1258.17171717172,629.636363636364,58,1
1258.13367609254,629.804627249357,59,1
1258.19576719577,629.531746031746,60,1
1258.63114754098,629.469945355191,61,1
1259.40056022409,630.067226890756,62,1
1259.56901408451,629.650704225352,63,1
1259.49591280654,629.724795640327,64,1
1259.37260273973,629.205479452055,65,1
1259.09018567639,629.381962864721,66,1
1259.09473684211,629.378947368421,67,1
1259.08443271768,629.4327176781,68,1
1258.7650273224,629.819672131148,69,1
1258.92010309278,629.75,70,1
1259.03166226913,629.514511873351,71,1
1258.54617414248,629.617414248021,72,1
1258.95430107527,629.454301075269,73,1
1258.84574468085,629.300531914894,74,1
1258.92411924119,629.40108401084,75,1
1258.68010752688,629.244623655914,76,1
1258.67783505155,629.159793814433,77,1
1258.68217054264,629.131782945736,78,1
1258.63116883117,629.384415584416,79,1
1259.30325814536,630.739348370927,80,1
1264.20047732697,633.556085918854,81,1
1277.20833333333,642.384803921569,82,1
1290.83758700696,652.292343387471,83,1
1306.5396039604,656.685643564356,84,1
1323.45566502463,654.980295566502,85,1
1335.60283687943,645.267139479905,86,1
1345.40145985401,633.107055961071,87,1
1352.61538461538,620.595533498759,88,1
1355.37343358396,604.285714285714,89,1
1359.61734693878,587.956632653061,90,1
1360.77944862155,572.017543859649,91,1
1367.26405867971,555.713936430318,92,1
1376.55112219451,541.955112219451,93,1
1382.96992481203,525.631578947368,94,1
1383.33416458853,507.072319201995,95,1
1380.81930693069,488.435643564356,96,1
1380.1954887218,471.275689223058,97,1
1384.65707434053,458.752997601918,98,1
1397.25647058824,448.818823529412,99,1
1411.85011709602,439.587822014052,100,1
1424.77464788732,427.223004694836,101,1
1440.16949152542,416.36803874092,102,1
1451.12589073634,404.118764845606,103,1
1459.34256926952,388.539042821159,104,1
1461.3925,380.475,105,1
1462.36363636364,370.625974025974,106,1
1462.50261780105,353.607329842932,107,1
1459.56403940887,335.334975369458,108,1
1454.49122807018,316.817042606516,109,1
1443.94482758621,300.416091954023,110,1
1435.36492890995,284.417061611374,111,1
1425.15151515152,270.787878787879,112,1
1416.81411764706,255.12,113,1
1403.82577565632,243.159904534606,114,1
1396.09534883721,231.416279069767,115,1
1399.87244897959,217.704081632653,116,1
1405.91366906475,202.103117505995,117,1
1417.77777777778,187.93961352657,118,1
1428.73838630807,174.667481662592,119,1
1441.04408352668,161.406032482599,120,1
1455.5107398568,150.630071599045,121,1
1471.13317191283,139.174334140436,122,1
1486.83095238095,131.12619047619,123,1
1503.91348600509,131.396946564885,124,1
1522.01763224181,131.423173803526,125,1
1540.51990049751,127.507462686567,126,1
1546.93931398417,124.321899736148,127,1
1547.05774278215,124.514435695538,128,1
1547.04663212435,124.520725388601,129,1
1547.54314720812,124.675126903553,130,1
1548.37817258883,125.177664974619,131,1
1551.57568238213,128.322580645161,132,1
1561.26876513317,134.176755447942,133,1
1574.22332506203,141.655086848635,134,1
1585.48190045249,150.615384615385,135,1
1595.95704057279,158.859188544153,136,1
1606.4289276808,164.663341645885,137,1
1623.62093023256,171.353488372093,138,1
1641.37084398977,176.079283887468,139,1
1660.43766578249,178.090185676393,140,1
1678.61224489796,177.538265306122,141,1
1696.46329113924,172.048101265823,142,1
NaN,NaN,143,1
NaN,NaN,144,1
NaN,NaN,145,1
NaN,NaN,146,1
NaN,NaN,147,1
NaN,NaN,148,1
NaN,NaN,149,1
NaN,NaN,150,1
NaN,NaN,151,1
NaN,NaN,152,1
NaN,NaN,153,1
NaN,NaN,154,1
NaN,NaN,155,1
1705.08767123288,87.4986301369863,156,1
1702.91361256544,68.065445026178,157,1
1702.15492957746,47.9859154929577,158,1
NaN,NaN,159,1
NaN,NaN,160,1
NaN,NaN,161,1
NaN,NaN,162,1
NaN,NaN,163,1
NaN,NaN,164,1
NaN,NaN,165,1
NaN,NaN,166,1
NaN,NaN,167,1
NaN,NaN,168,1
NaN,NaN,169,1
