x,y,t,id
1083.03424657534,507.623287671233,1,1
1074.80064308682,502.501607717042,2,1
1065.56934306569,494.981751824818,3,1
1058.79930795848,483.235294117647,4,1
1052.38947368421,468.554385964912,5,1
1043.67006802721,474.149659863946,6,1
1040.98013245033,493.572847682119,7,1
1044.35740072202,513.184115523466,8,1
1054.45890410959,525.897260273973,9,1
1065.25806451613,523.635483870968,10,1
1080.24752475248,505.435643564356,11,1
1086.24657534247,495.157534246575,12,1
1077.44025157233,479.572327044025,13,1
1060.05315614618,467.036544850498,14,1
1053.06081081081,456.64527027027,15,1
1055.9795221843,465.409556313993,16,1
1059.37837837838,480.692567567568,17,1
1060.05423728814,503.901694915254,18,1
1051.23841059603,518.188741721854,19,1
1039.95723684211,514.1875,20,1
1037.0298013245,496.605960264901,21,1
1041.48013245033,477.056291390728,22,1
1047.68259385666,458.174061433447,23,1
1063.84982935154,455.819112627986,24,1
1082.38907849829,459.245733788396,25,1
1095.29712460064,469.137380191693,26,1
1105.39628482972,484.702786377709,27,1
1119.16666666667,496.464743589744,28,1
1121.55263157895,511.486842105263,29,1
1110.73154362416,522.557046979866,30,1
1093.79003558719,527.562277580071,31,1
1078.14855072464,525.684782608696,32,1
1068.95221843003,515.539249146758,33,1
1063.09271523179,501.864238410596,34,1
1061.05940594059,484.524752475248,35,1
1066.1711409396,470.56711409396,36,1
1070.56272401434,457.444444444444,37,1
1083.13953488372,450.136212624585,38,1
1093.93811074919,439,39,1
1099.99669966997,426.897689768977,40,1
1108.69863013699,416.267123287671,41,1
1120.31475409836,408.337704918033,42,1
1131.96071428571,406.367857142857,43,1
1141.32797427653,396.91961414791,44,1
1137.89423076923,383.105769230769,45,1
1131.98371335505,380.091205211726,46,1
1122.125,385.814189189189,47,1
1110.06535947712,396.209150326797,48,1
1107.36451612903,410.451612903226,49,1
1110.94576271186,426.328813559322,50,1
1107.91349480969,441.010380622837,51,1
1109.50326797386,457.003267973856,52,1
1117.46996466431,469.508833922261,53,1
1128.09246575342,478.462328767123,54,1
1143.60884353741,479.996598639456,55,1
1158.26013513514,474.030405405405,56,1
1172.6968641115,468.811846689895,57,1
1183.06666666667,458.643333333333,58,1
1182.0671641791,443.037313432836,59,1
1177.08474576271,427.586440677966,60,1
1178.45744680851,413.166666666667,61,1
1175.84539473684,402.677631578947,62,1
1161.64745762712,405.46779661017,63,1
1145.80487804878,406.439024390244,64,1
1129.53846153846,405.849816849817,65,1
1114.01689189189,401.415540540541,66,1
1097.82711864407,401.379661016949,67,1
1088.71710526316,408.773026315789,68,1
1074.73129251701,415.204081632653,69,1
1060.01706484642,418.423208191126,70,1
1049.36688311688,425.766233766234,71,1
1041.92744479495,421.681388012618,72,1
1040.21333333333,409.7,73,1
1047.44117647059,398.323529411765,74,1
1059.8843537415,391.340136054422,75,1
1068.32993197279,380.061224489796,76,1
1072.27338129496,362.838129496403,77,1
1073.375,349.560810810811,78,1
1069.33333333333,334.532051282051,79,1
1064.80267558528,319.428093645485,80,1
1064.68728522337,303.683848797251,81,1
1076.27181208054,298.755033557047,82,1
1093.45973154362,295.959731543624,83,1
1109.52218430034,292.051194539249,84,1
1123.94565217391,290.644927536232,85,1
1137.90066225166,299.029801324503,86,1
1150.54635761589,309.526490066225,87,1
1159.5298013245,323.327814569536,88,1
1158.01393728223,337.993031358885,89,1
1153.04467353952,354.082474226804,90,1
1152.1339869281,369.562091503268,91,1
1150.39024390244,384.508710801394,92,1
1141.59344262295,397.685245901639,93,1
1135.10437710438,413.545454545455,94,1
1128.69965870307,425.146757679181,95,1
1117.59615384615,435.083333333333,96,1
1105.06472491909,442.779935275081,97,1
1089.41216216216,440.094594594595,98,1
1075.23509933775,431.602649006623,99,1
1068.88636363636,419.954545454545,100,1
1068.9375,403.549342105263,101,1
1075.92857142857,392.367346938775,102,1
1088.58666666667,383.533333333333,103,1
1097.87959866221,371.859531772575,104,1
1104.50328947368,361.463815789474,105,1
1103.64930555556,346.482638888889,106,1
1099.76530612245,332.19387755102,107,1
1105.81012658228,321.28164556962,108,1
1117.63815789474,309.671052631579,109,1
1126.90491803279,296.950819672131,110,1
1139.42033898305,291.016949152542,111,1
1155.39322033898,291.938983050847,112,1
1172.53376205788,289.604501607717,113,1
1184.45762711864,281.996610169492,114,1
1199.47916666667,277.506944444444,115,1
1212.24516129032,273.148387096774,116,1
1217.73737373737,260.097643097643,117,1
1223.58680555556,245.420138888889,118,1
1225.87205387205,230.525252525253,119,1
1233.74679487179,219.483974358974,120,1
1245.5472972973,216.939189189189,121,1
1256.42253521127,210.478873239437,122,1
1255.25418060201,213.451505016722,123,1
1256.21812080537,227.251677852349,124,1
1258.78523489933,241.701342281879,125,1
1264.6319218241,258.153094462541,126,1
1266.375,272.570945945946,127,1
1261.90460526316,279.720394736842,128,1
1252.04929577465,284.968309859155,129,1
1239.86173633441,293.520900321543,130,1
1240.91333333333,299.466666666667,131,1
1248.74836601307,313.130718954248,132,1
1264.54035087719,323.385964912281,133,1
1277.59797297297,326.925675675676,134,1
1293.12847222222,329.847222222222,135,1
1306.44267515924,339.87898089172,136,1
1309.25974025974,357.12987012987,137,1
1305.2027972028,372.146853146853,138,1
1304.00692041522,386.01384083045,139,1
1315.6402640264,396.485148514851,140,1
1329.4693877551,404.12925170068,141,1
1344.14436619718,398.144366197183,142,1
1359.6059602649,398.864238410596,143,1
1374.01355932203,404.477966101695,144,1
1389.38870431894,404.847176079734,145,1
1404.28723404255,402.414893617021,146,1
1415.43564356436,408.442244224422,147,1
1426.43333333333,418.1,148,1
1435.58644067797,427.894915254237,149,1
1448.23178807947,423.278145695364,150,1
1452.45422535211,413.426056338028,151,1
1458.4222972973,399.915540540541,152,1
1459.56369426752,406.831210191083,153,1
1473.49830508475,412.027118644068,154,1
1488.51186440678,417.827118644068,155,1
1501.46835443038,429.930379746835,156,1
1515.30897009967,430.853820598007,157,1
1526.90099009901,423.838283828383,158,1
1543.28623188406,417.452898550725,159,1
1555.48148148148,410.973063973064,160,1
1567.76767676768,399.794612794613,161,1
1576.85953177258,385.8127090301,162,1
1591.50173010381,380.823529411765,163,1
1604.92491467577,387.737201365188,164,1
1613.21594684385,403.262458471761,165,1
1621.37337662338,416.558441558442,166,1
1628.05573770492,424.924590163934,167,1
1638.80136986301,421.431506849315,168,1
1653.98168498169,416.527472527473,169,1
1668.27083333333,417.395833333333,170,1
1683.24555160142,421.661921708185,171,1
1694.67586206897,430.906896551724,172,1
1702.01034482759,442.372413793103,173,1
1709.34736842105,451.122807017544,174,1
NaN,NaN,175,1
NaN,NaN,176,1
NaN,NaN,177,1
NaN,NaN,178,1
NaN,NaN,179,1
NaN,NaN,180,1
NaN,NaN,181,1
NaN,NaN,182,1
NaN,NaN,183,1
NaN,NaN,184,1
