x,y,t,id
1126.73652694611,458.467065868263,1,1
1125.14754098361,461.535519125683,2,1
1125.06686046512,462.700581395349,3,1
1122.09295774648,467.104225352113,4,1
1119.74780058651,472.061583577713,5,1
1116.85217391304,476.486956521739,6,1
1112.8231884058,481.257971014493,7,1
1109.64411764706,486.158823529412,8,1
1107.33628318584,486.16814159292,9,1
1106.62865497076,485.657894736842,10,1
1106.08529411765,486.176470588235,11,1
1102.67536231884,488.144927536232,12,1
1097.05459770115,491.522988505747,13,1
1093.97720797721,493.116809116809,14,1
1091.54213483146,496.379213483146,15,1
1090.84660766962,498.905604719764,16,1
1089.58426966292,501.519662921348,17,1
1089.17101449275,501.628985507246,18,1
1089.06051873199,501.685878962536,19,1
1089.74411764706,501.920588235294,20,1
1093.10557184751,502.642228739003,21,1
1094.16023738872,502.875370919881,22,1
1096.8343373494,505.05421686747,23,1
1099.35393258427,506.691011235955,24,1
1100.9367816092,509.543103448276,25,1
1101.55351681957,512.834862385321,26,1
1101.54658385093,515.208074534161,27,1
1101.46341463415,515.503048780488,28,1
1102.46363636364,516.124242424242,29,1
1103.63798219585,517.46587537092,30,1
1104.0775862069,518.505747126437,31,1
1104.3976945245,519.994236311239,32,1
1104.07079646018,519.964601769911,33,1
1104.13134328358,520.023880597015,34,1
1104.80337078652,520.053370786517,35,1
1105.05571847507,517.008797653959,36,1
1108.77218934911,513.831360946746,37,1
1112.53739612188,509.936288088643,38,1
1116.61627906977,505.122093023256,39,1
1119.3850931677,503.981366459627,40,1
1119.95689655172,503.333333333333,41,1
1120.85329341317,503.12874251497,42,1
1118.94794520548,500.871232876712,43,1
1116.1752265861,495.280966767372,44,1
1112.65269461078,492.47005988024,45,1
1107.43843843844,489.642642642643,46,1
1107.31343283582,489.644776119403,47,1
1105.97376093294,490.157434402332,48,1
1103.41040462428,493.861271676301,49,1
1098.37425149701,498.410179640719,50,1
1097.3649851632,498.305637982196,51,1
1097.06086956522,498.533333333333,52,1
1096.27963525836,497.826747720365,53,1
1095.73293768546,497.896142433234,54,1
1094.45945945946,499.528528528529,55,1
1094.3556851312,500.67638483965,56,1
1094.37209302326,500.764534883721,57,1
1095.21835443038,499.253164556962,58,1
1095.75370919881,496.243323442137,59,1
1095.68436578171,494.221238938053,60,1
1096.27914110429,493.279141104294,61,1
1096.87537993921,492.121580547112,62,1
1096.8487654321,492.138888888889,63,1
1097.77419354839,492.75366568915,64,1
1100.92192192192,496.255255255255,65,1
1103.98083067093,496.638977635783,66,1
1104.31325301205,497.237951807229,67,1
1100.21893491124,500.707100591716,68,1
1097.31024096386,504.876506024096,69,1
1097.24695121951,504.771341463415,70,1
1097.00295857988,504.91124260355,71,1
1096.97023809524,504.925595238095,72,1
1096.69113149847,505.094801223242,73,1
1097.22054380665,504.858006042296,74,1
1096.88790560472,504.991150442478,75,1
1096.89850746269,505.050746268657,76,1
1096.97922848665,504.988130563798,77,1
1096.94362017804,504.973293768546,78,1
1096.93175074184,505.014836795252,79,1
1096.88392857143,504.946428571429,80,1
1096.85119047619,504.91369047619,81,1
1096.82934131737,504.823353293413,82,1
1096.63173652695,504.631736526946,83,1
1096.55942028986,505.020289855072,84,1
1096.59580838323,504.592814371257,85,1
1096.66666666667,504.591591591592,86,1
1096.68468468468,504.756756756757,87,1
1097.26139817629,504.835866261398,88,1
1097.62111801242,504.739130434783,89,1
1097.71517027864,504.798761609907,90,1
1097.52351097179,504.545454545455,91,1
1097.7625,504.8875,92,1
1097.78328173375,504.913312693498,93,1
1097.56386292835,504.408099688473,94,1
1097.50308641975,504.506172839506,95,1
1097.48253968254,504.901587301587,96,1
1097.47854785479,504.531353135314,97,1
1097.46583850932,504.565217391304,98,1
1097.68944099379,504.829192546584,99,1
1097.67289719626,504.794392523364,100,1
1097.69254658385,504.73602484472,101,1
1097.68633540373,504.739130434783,102,1
1097.63239875389,504.741433021807,103,1
1097.47936507937,504.907936507936,104,1
1097.41987179487,504.878205128205,105,1
1097.63239875389,504.769470404984,106,1
1097.42038216561,504.87898089172,107,1
1097.63157894737,504.826625386997,108,1
1097.6346749226,504.804953560372,109,1
1097.62111801242,504.770186335404,110,1
1097.48307692308,504.535384615385,111,1
1097.42038216561,504.936305732484,112,1
1097.50318471338,504.872611464968,113,1
1097.69393939394,504.415151515152,114,1
1097.47909967846,504.83922829582,115,1
1097.69090909091,504.439393939394,116,1
1097.46178343949,504.872611464968,117,1
1097.50621118012,504.506211180124,118,1
1097.5,504.44099378882,119,1
1097.42283950617,504.512345679012,120,1
1097.41875,504.4,121,1
1097.61445783133,504.418674698795,122,1
1097.37764350453,504.824773413897,123,1
1097.32647058824,504.488235294118,124,1
1097.29090909091,504.769696969697,125,1
1097.25,504.39880952381,126,1
1097.20359281437,504.389221556886,127,1
1097.23974763407,504.429022082019,128,1
1097.20426829268,504.682926829268,129,1
1097.20833333333,504.375,130,1
1096.75078864353,504.570977917981,131,1
1096.9703264095,504.115727002967,132,1
1096.9880952381,504.157738095238,133,1
1096.97910447761,504.113432835821,134,1
1097.21587301587,504.295238095238,135,1
1096.93827160494,504.450617283951,136,1
1097.0245398773,504.460122699386,137,1
1097.00920245399,504.576687116564,138,1
1097.2752293578,504.107033639144,139,1
1097.52293577982,504.269113149847,140,1
1097.73456790123,504.768518518519,141,1
1097.94848484848,504.5,142,1
1098.17272727273,504.254545454545,143,1
1097.9751552795,504.155279503106,144,1
1098.23404255319,504.243161094225,145,1
1098.33628318584,504.557522123894,146,1
1098.015625,504.109375,147,1
1098.009375,504.040625,148,1
1098.015625,504.109375,149,1
1098.29393939394,504.239393939394,150,1
1098.65243902439,504.588414634146,151,1
1099.14457831325,504.355421686747,152,1
1099.62463343108,504.348973607038,153,1
1099.59226190476,504.33630952381,154,1
1099.51149425287,504.971264367816,155,1
1100.02865329513,505.467048710602,156,1
1101.39710144928,506.24347826087,157,1
1103.09855072464,507.44347826087,158,1
1103.47988505747,508.117816091954,159,1
1103.52661064426,508.467787114846,160,1
1103.47323943662,508.571830985915,161,1
1103.38438438438,508.606606606607,162,1
1103.5,508.564971751412,163,1
1103.00280898876,508.143258426966,164,1
1099.83333333333,507.218181818182,165,1
1098.12232415902,507.461773700306,166,1
1098.2523659306,507.246056782334,167,1
1097.86686390533,507.721893491124,168,1
1098.09037900875,507.559766763848,169,1
1097.83128834356,507.29754601227,170,1
1098.04191616766,507.24251497006,171,1
1098.00584795322,507.605263157895,172,1
1098.12536443149,507.743440233236,173,1
1098.38260869565,507.933333333333,174,1
1099.9179331307,507.085106382979,175,1
1102.12721893491,505.825443786982,176,1
1103.44478527607,506.180981595092,177,1
1104.41194029851,506.719402985075,178,1
1104.41515151515,507.133333333333,179,1
1104.76119402985,507.202985074627,180,1
1104.86416184971,507.583815028902,181,1
1104.71341463415,506.685975609756,182,1
1103.64756446991,504.36676217765,183,1
1102.89696969697,502.315151515152,184,1
1102.76524390244,501.09756097561,185,1
1102.97115384615,500.564102564103,186,1
1103.1801242236,499.183229813665,187,1
1104.30182926829,496.850609756098,188,1
1104.16071428571,496.583333333333,189,1
1103.16568047337,494.53550295858,190,1
1100.16272189349,490.804733727811,191,1
1097.8901734104,488.64161849711,192,1
1096.94285714286,486.631428571429,193,1
1096.84285714286,486.548571428571,194,1
1095.74351585014,485.697406340058,195,1
1092.78901734104,484.725433526012,196,1
1090,485.369230769231,197,1
1086.52737752161,486.878962536023,198,1
1082.66984126984,487.663492063492,199,1
1078.54022988506,489.919540229885,200,1
1077.50914634146,490.143292682927,201,1
1075.69208211144,490.33137829912,202,1
1074.93154761905,490.866071428571,203,1
1073.42686567164,493.501492537313,204,1
1073.29661016949,494.412429378531,205,1
1073.37134502924,494.070175438596,206,1
1072.26023391813,494.684210526316,207,1
1071.53333333333,494.930434782609,208,1
1071.44314868805,494.900874635569,209,1
1071.6497005988,494.667664670659,210,1
1071.57670454545,494.721590909091,211,1
1074.15588235294,495.229411764706,212,1
1077.70520231214,494.910404624277,213,1
1078.30860534125,495.623145400593,214,1
1078.43154761905,495.693452380952,215,1
1078.82748538012,496.497076023392,216,1
1078.61329305136,496.341389728097,217,1
1078.73760932945,495.895043731778,218,1
1078.96531791908,496.485549132948,219,1
1078.88392857143,496.080357142857,220,1
1078.90801186944,496.080118694362,221,1
1078.90476190476,496.145833333333,222,1
1078.77167630058,496.520231213873,223,1
1078.85923753666,496.428152492669,224,1
1078.72905027933,495.150837988827,225,1
1080.00911854103,492.765957446808,226,1
1081.99127906977,490.421511627907,227,1
1083.19075144509,489.667630057803,228,1
1083.21637426901,489.634502923977,229,1
1083.56973293769,489.611275964392,230,1
1084.14161849711,488.736994219653,231,1
1084.66374269006,487.254385964912,232,1
1084.5628742515,486.422155688623,233,1
1084.73413897281,483.196374622356,234,1
1084.8164556962,482.212025316456,235,1
1084.67975830816,482.274924471299,236,1
1084.70958083832,482.164670658683,237,1
1085.41907514451,482.994219653179,238,1
1086.38392857143,483.5625,239,1
1086.90793650794,483.866666666667,240,1
1088.30860534125,484.181008902077,241,1
1088.925,484.05625,242,1
1089.4,484.012903225806,243,1
1089.709375,483.84375,244,1
1090.04204204204,483.606606606607,245,1
1092.79573170732,483.237804878049,246,1
1097.40062111801,482.388198757764,247,1
1099.2492211838,482.333333333333,248,1
1099.375,482.235119047619,249,1
1099.42603550296,482.156804733728,250,1
1099.6880733945,481.975535168196,251,1
1100.96845425868,482.479495268139,252,1
1102.07516339869,482.454248366013,253,1
1104.36666666667,482.393939393939,254,1
1105.99693251534,481.463190184049,255,1
1106.90419161677,481.020958083832,256,1
1106.93413173653,480.928143712575,257,1
1107.37175792507,480.896253602305,258,1
1107.88662790698,480.566860465116,259,1
1110.11884057971,477.689855072464,260,1
1114.16374269006,472.795321637427,261,1
1115.54810495627,471.02332361516,262,1
1115.71751412429,470.579096045198,263,1
1116.00302114804,470.114803625378,264,1
1116.0625,470.125,265,1
1116.35362318841,470.057971014493,266,1
1116.94476744186,470.316860465116,267,1
1117.45266272189,470.470414201183,268,1
1117.48816568047,470.470414201183,269,1
1117.49101796407,470.47005988024,270,1
1117.73913043478,470.295652173913,271,1
1117.74052478134,470.294460641399,272,1
1117.46407185629,470.398203592814,273,1
1117.81449275362,470.307246376812,274,1
1117.52380952381,470.416666666667,275,1
1117.45074626866,470.408955223881,276,1
1117.79768786127,470.346820809249,277,1
1117.60518731988,470.132564841499,278,1
1117.60289855072,470.133333333333,279,1
1117.61494252874,470.155172413793,280,1
1117.4780058651,470.539589442815,281,1
1116.90746268657,472.438805970149,282,1
1115.0296735905,474.887240356083,283,1
1114.66153846154,476.698461538462,284,1
1114.23170731707,477.155487804878,285,1
1114.13311688312,477.396103896104,286,1
1113.946875,477.925,287,1
1114.06211180124,478.810559006211,288,1
1114.02555910543,479.41214057508,289,1
1114.68168168168,480.981981981982,290,1
1115.50308641975,485.438271604938,291,1
1114.96551724138,488.978056426332,292,1
1113.81008902077,490.706231454006,293,1
1113.75892857143,490.830357142857,294,1
1113.79464285714,490.866071428571,295,1
1113.88662790698,491.360465116279,296,1
1114.00597014925,491.074626865672,297,1
1114.02654867257,491.091445427729,298,1
1114.06194690265,491.17994100295,299,1
1113.76011560694,490.196531791907,300,1
1113.69512195122,488.280487804878,301,1
1112.39747634069,486.539432176656,302,1
1112.16307692308,484.332307692308,303,1
1109.05539358601,481.685131195335,304,1
