x,y,t,id
1025.0775862069,550.068965517241,1,1
1017.44782608696,552.408695652174,2,1
1006.03883495146,552.97572815534,3,1
997.240157480315,549.311023622047,4,1
993.315789473684,542.706140350877,5,1
990.802575107296,533.231759656652,6,1
993.767932489451,521.362869198312,7,1
1000.93495934959,511.939024390244,8,1
1008.08810572687,506.096916299559,9,1
1014.59922178988,503.081712062257,10,1
1021.03921568627,498.545098039216,11,1
1032.38493723849,494.878661087866,12,1
1045.34497816594,495.288209606987,13,1
1056.53941908714,497.02489626556,14,1
1065.99190283401,501.995951417004,15,1
1074.74789915966,508.697478991597,16,1
1078.54621848739,515.953781512605,17,1
1082.03813559322,523.436440677966,18,1
1083.60392156863,523.717647058824,19,1
1089.95564516129,522.975806451613,20,1
1096.55952380952,521.559523809524,21,1
1101.5325203252,518.593495934959,22,1
1104.38188976378,517.795275590551,23,1
1111.09349593496,515.191056910569,24,1
1121.72765957447,511.127659574468,25,1
1131.00836820084,506.640167364017,26,1
1137.84210526316,502.878542510121,27,1
1143.15953307393,496.622568093385,28,1
1145.09871244635,490.085836909871,29,1
1145.45132743363,486,30,1
1144.1646090535,482.362139917695,31,1
1141.23293172691,474.903614457831,32,1
1134.20647773279,467.87044534413,33,1
1127.07818930041,460.872427983539,34,1
1121.2265625,453.328125,35,1
1113.89669421488,442.570247933884,36,1
1111.10788381743,434.460580912863,37,1
1112.04918032787,424.467213114754,38,1
1111.22413793103,410.875,39,1
1111.9246031746,403.960317460317,40,1
1115.56692913386,395.066929133858,41,1
1122.74898785425,383.716599190283,42,1
1128.34262948207,372.366533864542,43,1
1128.00425531915,359.012765957447,44,1
1122.62551440329,349.341563786008,45,1
1115.39215686275,342.054901960784,46,1
1106.45679012346,337.609053497942,47,1
1095.1306122449,335.967346938776,48,1
1085.33755274262,334.198312236287,49,1
1077.8987854251,331.141700404858,50,1
1069.56086956522,328.452173913043,51,1
1058.62173913043,329.595652173913,52,1
1050.48523206751,331.075949367089,53,1
1042.5321888412,332.480686695279,54,1
1034.27906976744,331.205426356589,55,1
1024.48908296943,329.711790393013,56,1
1013.54132231405,331.090909090909,57,1
1005.17573221757,333.715481171548,58,1
997.607287449393,336.672064777328,59,1
992.991967871486,338.895582329317,60,1
993.091703056769,338.096069868996,61,1
988.091304347826,337.034782608696,62,1
984.104347826087,337.126086956522,63,1
979.445833333333,336.895833333333,64,1
969.802419354839,333.189516129032,65,1
960.961832061069,329.064885496183,66,1
951.921052631579,327.030701754386,67,1
942.871900826446,327.413223140496,68,1
936.530434782609,327.595652173913,69,1
927.192771084337,326.791164658635,70,1
921.729508196721,322.327868852459,71,1
918.917322834646,316.661417322835,72,1
918,309.393442622951,73,1
918.978813559322,313.783898305085,74,1
923.596226415094,318.6,75,1
937.165975103734,315.759336099585,76,1
951.629343629344,307.03861003861,77,1
961.813765182186,297.886639676113,78,1
971.292682926829,288.276422764228,79,1
978.446280991736,275.02479338843,80,1
980.945833333333,262.433333333333,81,1
981.475555555556,252.035555555556,82,1
980.757575757576,241.08658008658,83,1
977.276150627615,234.301255230126,84,1
977.138775510204,233.889795918367,85,1
978.426778242678,233.995815899582,86,1
980.065573770492,232.401639344262,87,1
985.16,223.096,88,1
990.375510204082,215.465306122449,89,1
994.882591093117,211.97975708502,90,1
1003.11417322835,206.625984251969,91,1
1012.42194092827,201.940928270042,92,1
1021.54310344828,195.030172413793,93,1
1027.91666666667,185.015873015873,94,1
1030.13362068966,175.987068965517,95,1
1029.40392156863,163.603921568627,96,1
1027.2489626556,154.199170124481,97,1
1024.18,146.712,98,1
1024.67123287671,135.191780821918,99,1
1027.28215767635,123.867219917012,100,1
1030.91093117409,114.919028340081,101,1
1036.0503875969,107.449612403101,102,1
1044.14583333333,101.1875,103,1
1050.49609375,98.00390625,104,1
1056.12598425197,92.5748031496063,105,1
1060.37190082645,83.8429752066116,106,1
1061.45726495726,73.5769230769231,107,1
1059.472,65.572,108,1
1053.11538461538,55.3230769230769,109,1
1045.83950617284,47.1728395061728,110,1
1045.22131147541,46.7090163934426,111,1
1043.0987654321,40.9876543209877,112,1
1039.40084388186,31.1729957805907,113,1
1036.64864864865,20.4864864864865,114,1
NaN,NaN,115,1
NaN,NaN,116,1
NaN,NaN,117,1
NaN,NaN,118,1
NaN,NaN,119,1
NaN,NaN,120,1
NaN,NaN,121,1
NaN,NaN,122,1
NaN,NaN,123,1
NaN,NaN,124,1
NaN,NaN,125,1
NaN,NaN,126,1
NaN,NaN,127,1
NaN,NaN,128,1
NaN,NaN,129,1
NaN,NaN,130,1
NaN,NaN,131,1
NaN,NaN,132,1
1034.18483412322,18.2985781990521,133,1
1034.22388059701,18.8109452736318,134,1
1034.77248677249,18.7883597883598,135,1
1034.60396039604,18.4009900990099,136,1
1034.66842105263,18.8473684210526,137,1
1034.58638743456,18.8743455497382,138,1
1034.24309392265,18.7900552486188,139,1
NaN,NaN,140,1
1033.77227722772,18.2623762376238,141,1
1033.70098039216,17.2941176470588,142,1
NaN,NaN,143,1
1034.2,18.8111111111111,144,1
1034.21978021978,18.8186813186813,145,1
NaN,NaN,146,1
1034.18229166667,18.3645833333333,147,1
NaN,NaN,148,1
NaN,NaN,149,1
NaN,NaN,150,1
NaN,NaN,151,1
NaN,NaN,152,1
NaN,NaN,153,1
1034.1,18.8777777777778,154,1
1034.0585106383,18.5691489361702,155,1
1034.55555555556,19.3888888888889,156,1
NaN,NaN,157,1
NaN,NaN,158,1
NaN,NaN,159,1
NaN,NaN,160,1
NaN,NaN,161,1
1033.65027322404,18.3661202185792,162,1
1033.605,18.355,163,1
1034.42941176471,18.9941176470588,164,1
NaN,NaN,165,1
1034.18023255814,19.3197674418605,166,1
NaN,NaN,167,1
1034.075,18.875,168,1
1034.0637254902,18.8578431372549,169,1
1034.19895287958,19.2722513089005,170,1
NaN,NaN,171,1
NaN,NaN,172,1
1034.0447761194,18.8905472636816,173,1
1033.67942583732,18.799043062201,174,1
1034.07853403141,19.3664921465969,175,1
1033.64761904762,18.8142857142857,176,1
1033.64761904762,18.7619047619048,177,1
1033.5099009901,18.509900990099,178,1
1033.64150943396,18.8066037735849,179,1
1033.51741293532,18.4676616915423,180,1
1033.67942583732,18.7464114832536,181,1
1034.06532663317,18.964824120603,182,1
1033.62,18.42,183,1
1033.61111111111,18.4090909090909,184,1
1033.53233830846,18.4825870646766,185,1
1033.11961722488,18.3349282296651,186,1
1034.00558659218,19.0055865921788,187,1
1034.12290502793,18.8994413407821,188,1
1034.19047619048,19.2698412698413,189,1
1034.21276595745,19.2393617021277,190,1
NaN,NaN,191,1
NaN,NaN,192,1
NaN,NaN,193,1
NaN,NaN,194,1
NaN,NaN,195,1
NaN,NaN,196,1
NaN,NaN,197,1
NaN,NaN,198,1
NaN,NaN,199,1
NaN,NaN,200,1
NaN,NaN,201,1
NaN,NaN,202,1
NaN,NaN,203,1
NaN,NaN,204,1
NaN,NaN,205,1
NaN,NaN,206,1
NaN,NaN,207,1
