x,y,t,id
1070.5,538.457627118644,1,1
1092.608,534.052,2,1
1107.8127340824,542.940074906367,3,1
1119.5983935743,557.493975903614,4,1
1118.43673469388,576.889795918367,5,1
1109.559566787,591.090252707581,6,1
1100.20740740741,606.27037037037,7,1
1088.75502008032,608.775100401606,8,1
1070.63008130081,614.239837398374,9,1
1054.12403100775,612.856589147287,10,1
1043.7265625,603.92578125,11,1
1043.76734693878,603.236734693878,12,1
1033.25475285171,589.155893536122,13,1
1025.73684210526,575.875939849624,14,1
1023.0037593985,560.597744360902,15,1
1015.15579710145,555.865942028986,16,1
1006.66051660517,558.686346863469,17,1
994.108208955224,565.675373134328,18,1
990.423791821561,564.858736059479,19,1
986.723404255319,560.858156028369,20,1
985.75,547.9296875,21,1
985.015325670498,538.099616858238,22,1
984.490272373541,536.56420233463,23,1
983.525291828794,528.599221789883,24,1
988.457564575646,520.505535055351,25,1
997.818181818182,511.405594405594,26,1
1008.20912547529,500.768060836502,27,1
1007.53231939163,497.688212927757,28,1
1004.6091954023,493.865900383142,29,1
1001.30534351145,488.072519083969,30,1
1002.04562737643,484.961977186312,31,1
1005.65342960289,481.245487364621,32,1
1009.16483516484,478.043956043956,33,1
1009.8853046595,477.4229390681,34,1
1011.96785714286,475.353571428571,35,1
1017.80827067669,474.5,36,1
1026.89068825911,474.477732793522,37,1
1037.24812030075,473.751879699248,38,1
1037.84210526316,473.424812030075,39,1
1040.86166007905,474.387351778656,40,1
1042.0073800738,475.848708487085,41,1
1047.90812720848,479.600706713781,42,1
1051.95112781955,480.646616541353,43,1
1055.44150943396,481.2,44,1
1057.81985294118,483.176470588235,45,1
1061.22433460076,491.228136882129,46,1
1065.86597938144,500.237113402062,47,1
1068.47330960854,502.975088967972,48,1
1069.55185185185,500.762962962963,49,1
1076.76579925651,495.721189591078,50,1
1084.13533834586,486.056390977444,51,1
1085.68461538462,481.065384615385,52,1
1083.92883895131,473.397003745318,53,1
1082.5137254902,465.309803921569,54,1
1077.5,455.993006993007,55,1
1069.46886446886,447.586080586081,56,1
1066.62068965517,441.452107279694,57,1
1067.53237410072,433.305755395683,58,1
1072.42320819113,429.491467576792,59,1
1082.55109489051,424.631386861314,60,1
1086.53169014085,423.021126760563,61,1
1091.08365019011,425.41825095057,62,1
1099.95038167939,430.5,63,1
1110.44169611307,433.929328621908,64,1
1118.47841726619,438.55035971223,65,1
1120.525,442.939285714286,66,1
1130.93571428571,451.514285714286,67,1
1140.43617021277,452.443262411348,68,1
1145.60573476703,449.025089605735,69,1
1151.96551724138,442.920689655172,70,1
1154.2156133829,439.133828996283,71,1
1153.48679245283,437.11320754717,72,1
1148.89298892989,427.158671586716,73,1
1143.34545454545,415.621818181818,74,1
1142.89837398374,409.80487804878,75,1
1143.59689922481,403.62015503876,76,1
1139.55813953488,396.87984496124,77,1
1135.72868217054,392.693798449612,78,1
1128.13919413919,388.92673992674,79,1
1121.41860465116,389.538759689922,80,1
1111.78291814947,389.612099644128,81,1
1104.61940298507,384.458955223881,82,1
1098.62815884477,379.873646209386,83,1
1094.97260273973,376.051369863014,84,1
1094.47081712062,372.509727626459,85,1
1091.85090909091,365.992727272727,86,1
1087.0979020979,363.034965034965,87,1
1079.68243243243,361.141891891892,88,1
1072.55094339623,360.924528301887,89,1
1065.04561403509,363.473684210526,90,1
1056.14285714286,367.07326007326,91,1
1049.95323741007,366.028776978417,92,1
1040.0701754386,359.491228070175,93,1
1040.30656934307,358.748175182482,94,1
1039.94980694981,356.675675675676,95,1
1035.55160142349,347.113879003559,96,1
1036.37262357414,344.190114068441,97,1
1038.50957854406,338.038314176245,98,1
1040.3188976378,332.393700787402,99,1
1040.77016129032,325.504032258065,100,1
1042.01901140684,322.528517110266,101,1
1046.83038869258,317.469964664311,102,1
1047.59507042254,317.052816901408,103,1
1046.63095238095,314.833333333333,104,1
1043.41509433962,306.143396226415,105,1
1040.47232472325,299.653136531365,106,1
1038.61338289963,297.382899628253,107,1
1031.46007604563,294.958174904943,108,1
1021.61594202899,293.20652173913,109,1
1014.06692913386,291.972440944882,110,1
1008.23381294964,293.258992805755,111,1
999.459854014599,293.244525547445,112,1
991.512727272727,290.414545454545,113,1
983.32,290.065454545455,114,1
978.923076923077,292.923076923077,115,1
971.551724137931,302.072796934866,116,1
962.631205673759,307.109929078014,117,1
955.025830258303,312.040590405904,118,1
951.405109489051,316.434306569343,119,1
950.521897810219,318.583941605839,120,1
950.185053380783,318.615658362989,121,1
949.283088235294,318.202205882353,122,1
943.920454545455,318.424242424242,123,1
934.967857142857,316.457142857143,124,1
929.949458483754,315.137184115523,125,1
927.390681003584,312.189964157706,126,1
921.544444444444,307.422222222222,127,1
918.338181818182,302.647272727273,128,1
918.065891472868,297.112403100775,129,1
917.806451612903,290.41935483871,130,1
916.239852398524,283.719557195572,131,1
913.066901408451,278.411971830986,132,1
910.760714285714,270.096428571429,133,1
910.513011152416,268.936802973978,134,1
910.537593984962,268.894736842105,135,1
910.337164750958,268.578544061303,136,1
910.671698113208,268.735849056604,137,1
910.411971830986,268.975352112676,138,1
910.122047244094,268.917322834646,139,1
909.763837638376,269.20295202952,140,1
910.409090909091,269.026515151515,141,1
910,268.956043956044,142,1
910.132841328413,268.808118081181,143,1
910.123636363636,268.88,144,1
910.165413533835,269.278195488722,145,1
909.992366412214,268.43893129771,146,1
910.101449275362,268.898550724638,147,1
910.4375,269.375,148,1
910.344696969697,268.977272727273,149,1
909.625,269.829545454545,150,1
908.814393939394,270.640151515152,151,1
907.647058823529,271.639215686274,152,1
902.930656934307,274.945255474453,153,1
894.195035460993,280.765957446808,154,1
886.724528301887,285.230188679245,155,1
878.516853932584,286.239700374532,156,1
874.076612903226,286.54435483871,157,1
867.520754716981,288.060377358491,158,1
865.582089552239,288.179104477612,159,1
864.154411764706,286.606617647059,160,1
858.458483754513,280.191335740072,161,1
855.393617021277,276.166666666667,162,1
854.401459854015,274.507299270073,163,1
853.390070921986,274.120567375887,164,1
848.143911439114,272.885608856089,165,1
841.071684587814,271.942652329749,166,1
835.891050583658,272.770428015564,167,1
834.951672862454,273.431226765799,168,1
830.802919708029,275.79197080292,169,1
826.640740740741,276.12962962963,170,1
823.962546816479,275.475655430712,171,1
819.03663003663,272.959706959707,172,1
813.479553903346,272.133828996283,173,1
807.541353383459,271.011278195489,174,1
802.851851851852,268.240740740741,175,1
800.785714285714,263.657894736842,176,1
799.743859649123,258.887719298246,177,1
798.166037735849,255.441509433962,178,1
794.017921146953,251.437275985663,179,1
786.017921146953,242.433691756272,180,1
783.036363636364,234.956363636364,181,1
783.145161290323,229.354838709677,182,1
784.441295546559,218.95951417004,183,1
782.624087591241,214.423357664234,184,1
779.312727272727,211.629090909091,185,1
775.030303030303,210.412878787879,186,1
772.166077738516,209.409893992933,187,1
767.55871886121,205.943060498221,188,1
765.38431372549,198.63137254902,189,1
764.411111111111,191.074074074074,190,1
762.045774647887,187.507042253521,191,1
761.3,186.885185185185,192,1
761.512544802867,187.096774193548,193,1
761.464788732394,187.045774647887,194,1
761.961672473868,187.411149825784,195,1
762.35687732342,186.256505576208,196,1
762.859922178988,182.894941634241,197,1
761.5559566787,177.368231046931,198,1
760.414035087719,175.133333333333,199,1
756.744680851064,171.921985815603,200,1
753.108695652174,170.807971014493,201,1
750.860805860806,169.065934065934,202,1
749.253676470588,164.768382352941,203,1
749.327205882353,163.224264705882,204,1
749.704119850187,176.217228464419,205,1
737.628472222222,195.111111111111,206,1
721.357664233577,212.335766423358,207,1
708.945205479452,226.126712328767,208,1
697,237.930555555556,209,1
689.498207885305,244.935483870968,210,1
688.71102661597,245.171102661597,211,1
686.509652509652,247.915057915058,212,1
677.429090909091,258.607272727273,213,1
668.486166007905,269.466403162055,214,1
668.053435114504,278.110687022901,215,1
663.003649635036,290.083941605839,216,1
655.058394160584,295.025547445255,217,1
653.658181818182,294.698181818182,218,1
650.436090225564,294.221804511278,219,1
641.322222222222,294.918518518519,220,1
633.526515151515,299.973484848485,221,1
628.839857651246,309.306049822064,222,1
626.473684210526,316.864661654135,223,1
625.429118773946,318.996168582376,224,1
622.783088235294,318.886029411765,225,1
619.030188679245,318.520754716981,226,1
612.048872180451,320.725563909774,227,1
604.079422382672,323.945848375451,228,1
601.007220216606,322.931407942238,229,1
598.280442804428,320.778597785978,230,1
596.982394366197,320.549295774648,231,1
596.099236641221,320.553435114504,232,1
592.822641509434,323.309433962264,233,1
583.636363636364,327.643636363636,234,1
574.96992481203,331.552631578947,235,1
566.72962962963,332.088888888889,236,1
563.461538461538,330.895104895105,237,1
559.791519434629,327.791519434629,238,1
556.586572438163,323.014134275618,239,1
556.244680851064,323.173758865248,240,1
557.736842105263,326.417293233083,241,1
554.540740740741,330.662962962963,242,1
548.340996168582,340.88122605364,243,1
544.063973063973,348.037037037037,244,1
540.334558823529,354.382352941176,245,1
538.568181818182,360.17803030303,246,1
539.940959409594,368.579335793358,247,1
544.918149466192,371.672597864769,248,1
552.033783783784,378.925675675676,249,1
557.573033707865,386.955056179775,250,1
558.18359375,391.67578125,251,1
557.55,398.6,252,1
555.174904942966,405.54752851711,253,1
553.918439716312,407.539007092199,254,1
553.300380228137,409.977186311787,255,1
553.003968253968,416.488095238095,256,1
549.730496453901,419.27304964539,257,1
545.434163701068,420.982206405694,258,1
541.466911764706,423.356617647059,259,1
535.893772893773,424.827838827839,260,1
530.286274509804,425.262745098039,261,1
528.376811594203,425.590579710145,262,1
523.35401459854,428.434306569343,263,1
518.773519163763,434.128919860627,264,1
517.161048689139,439.737827715356,265,1
516.91320754717,449.871698113208,266,1
516.521428571429,458.757142857143,267,1
519.191489361702,463.308510638298,268,1
527.584192439863,470.439862542955,269,1
535.790940766551,479.149825783972,270,1
542.485714285714,484.921428571429,271,1
551.382456140351,487.957894736842,272,1
559.791338582677,489.464566929134,273,1
568.526501766784,488.035335689046,274,1
574.05017921147,484.530465949821,275,1
582.852112676056,479.299295774648,276,1
592.974264705882,479.955882352941,277,1
602.16835016835,484.83164983165,278,1
611.944852941176,490.985294117647,279,1
618.375939849624,491.082706766917,280,1
625.953488372093,492.027131782946,281,1
637.595667870036,493.223826714801,282,1
643.097826086957,496.967391304348,283,1
645.671532846715,502.401459854015,284,1
647.632653061224,508.289115646258,285,1
651.789667896679,510.070110701107,286,1
660.651685393258,510.022471910112,287,1
667.224561403509,505.743859649123,288,1
671.737226277372,499.649635036496,289,1
675.963768115942,493.04347826087,290,1
681.225165562914,485.632450331126,291,1
686.541666666667,479.041666666667,292,1
688.352490421456,473.908045977012,293,1
688.887218045113,473.342105263158,294,1
692.522222222222,472.518518518519,295,1
703.657794676806,471.893536121673,296,1
716.560606060606,471.128787878788,297,1
723.913043478261,471.032608695652,298,1
734.466666666667,470.12962962963,299,1
737.06976744186,470.748062015504,300,1
739.051094890511,472.07299270073,301,1
745.843636363636,475.96,302,1
747.493927125506,475.704453441296,303,1
748.103174603175,475.115079365079,304,1
746.565217391304,475.490118577075,305,1
746.147410358566,477.91235059761,306,1
746.988505747126,478.23754789272,307,1
