x,y,t,id
758.414492753623,518.086956521739,1,1
755.118980169972,504.277620396601,2,1
745.052341597796,500.944903581267,3,1
747.074585635359,498.295580110497,4,1
758.008,487.818666666667,5,1
768.448863636364,480.210227272727,6,1
774.74651810585,488.125348189415,7,1
781.60113960114,502.851851851852,8,1
779.227528089888,515.660112359551,9,1
784.23595505618,510.943820224719,10,1
786.622641509434,505.452830188679,11,1
787.625683060109,487.77868852459,12,1
782.471232876712,481.13698630137,13,1
769.073369565217,473.383152173913,14,1
762.77207977208,476.592592592593,15,1
749.575667655786,485.949554896142,16,1
741.961002785515,473.791086350975,17,1
743.226470588235,464.782352941176,18,1
738.146005509642,469.735537190083,19,1
726.63025210084,465.450980392157,20,1
715.757225433526,467.820809248555,21,1
716,477.728531855956,22,1
709.710382513661,495.603825136612,23,1
701.723577235772,507.154471544715,24,1
705.826330532213,514.647058823529,25,1
708.720116618076,529.492711370262,26,1
701.135278514589,539.058355437666,27,1
708.740947075209,543.66573816156,28,1
724.447222222222,545.311111111111,29,1
734.903314917127,550.477900552486,30,1
743.494219653179,550.369942196532,31,1
751.418230563003,555.994638069705,32,1
753.464480874317,546.83606557377,33,1
762.67027027027,529.667567567568,34,1
777.525745257453,522.159891598916,35,1
785.258855585831,512.629427792916,36,1
790.60632183908,510.548850574713,37,1
797.105413105413,512.068376068376,38,1
792.387755102041,508.020408163265,39,1
782.027027027027,494.386486486486,40,1
775.314516129032,480.465053763441,41,1
778.091185410334,470.73556231003,42,1
780.621301775148,469.739644970414,43,1
783.301829268293,467.670731707317,44,1
788.487603305785,469.619834710744,45,1
796.778461538462,472.473846153846,46,1
798.230769230769,474.914201183432,47,1
804.878873239437,486.594366197183,48,1
815.81043956044,488.651098901099,49,1
823.18449197861,481.697860962567,50,1
820.508522727273,468.369318181818,51,1
815.381081081081,455.440540540541,52,1
801.421333333333,450.013333333333,53,1
794.217032967033,437.736263736264,54,1
783.228723404255,425.372340425532,55,1
774.062146892655,424.491525423729,56,1
755.72602739726,426.454794520548,57,1
739.572207084469,422.286103542234,58,1
726.374316939891,412.653005464481,59,1
721.534482758621,404.962643678161,60,1
719.991666666667,399.363888888889,61,1
713.289855072464,402.542028985507,62,1
707.581818181818,414.387012987013,63,1
693.107954545455,426.517045454545,64,1
677.484679665738,435.537604456825,65,1
663.952380952381,446.478835978836,66,1
659.048517520216,458.981132075472,67,1
650.181818181818,471.154269972452,68,1
643.325641025641,480.989743589744,69,1
643.311046511628,488.872093023256,70,1
652.183561643836,498.654794520548,71,1
656.787878787879,514.01652892562,72,1
654.867208672087,529.747967479675,73,1
648.460704607046,544.547425474255,74,1
643.780821917808,561.421917808219,75,1
643.326923076923,576.225274725275,76,1
643.887283236994,585.731213872832,77,1
640.452777777778,587.027777777778,78,1
638.125984251968,585.721784776903,79,1
635.901408450704,586.971830985916,80,1
634.352459016393,587.092896174863,81,1
631.158602150538,588.190860215054,82,1
626.825268817204,591.545698924731,83,1
628.10498687664,597.37532808399,84,1
630.178378378378,604.535135135135,85,1
631.431818181818,618.553977272727,86,1
631.182857142857,633.028571428571,87,1
627.072,643.597333333333,88,1
615.593922651934,648.466850828729,89,1
604.840909090909,657.858585858586,90,1
599.701846965699,664.348284960422,91,1
600.518005540166,676.903047091413,92,1
600.210674157303,689.935393258427,93,1
603.039215686274,698.53781512605,94,1
608.339572192513,705.093582887701,95,1
616.48,704.208571428571,96,1
630.133514986376,705.724795640327,97,1
641.913978494624,711.456989247312,98,1
649.878706199461,718.469002695418,99,1
659.029649595687,723.407008086253,100,1
667.340298507463,723.337313432836,101,1
680.048128342246,715.743315508021,102,1
691.428152492669,710.797653958944,103,1
706.321937321937,703.994301994302,104,1
719.010989010989,698.178571428571,105,1
729.15479876161,695.108359133127,106,1
738.072916666667,688.388020833333,107,1
745.609375,675.716145833333,108,1
753.173796791444,666.237967914439,109,1
758.79679144385,653.561497326203,110,1
762.305714285714,638.477142857143,111,1
760.872832369942,624.85838150289,112,1
762.298630136986,612.531506849315,113,1
768.468586387435,602.670157068063,114,1
777.689189189189,596.364864864865,115,1
789.631268436578,590.53982300885,116,1
800.50700280112,588.036414565826,117,1
810.572289156627,584.156626506024,118,1
821.780346820809,583.21676300578,119,1
834.354666666667,577.762666666667,120,1
844.434659090909,572.528409090909,121,1
854.06784660767,572.926253687316,122,1
859.616402116402,567.698412698413,123,1
862.816438356164,558.715068493151,124,1
863.42817679558,549.511049723757,125,1
866.782369146006,541.707988980716,126,1
869.791549295775,530.50985915493,127,1
866.788461538462,515.667582417582,128,1
862.144444444444,505.447222222222,129,1
863.124277456647,498.196531791907,130,1
864.074285714286,485.922857142857,131,1
866.783561643836,473.860273972603,132,1
866.957142857143,462.974285714286,133,1
861.115281501341,450.458445040214,134,1
849.751336898396,441.973262032086,135,1
843.013850415512,432.93351800554,136,1
837.738505747126,421.626436781609,137,1
830.881081081081,408.805405405405,138,1
821.961432506887,400.548209366391,139,1
819.518731988473,393.478386167147,140,1
817.379310344828,381.451149425287,141,1
815.005555555556,371.369444444444,142,1
805.432432432432,366.986486486487,143,1
797.069565217391,368.179710144928,144,1
790.743455497382,374.638743455497,145,1
776.973760932945,383.959183673469,146,1
760.947214076246,391.885630498534,147,1
743.820224719101,396.373595505618,148,1
728.449275362319,397.431884057971,149,1
713.152406417112,392.16577540107,150,1
699.536231884058,388.402898550725,151,1
688.458213256484,384.207492795389,152,1
677.997297297297,385.762162162162,153,1
669.983739837398,395.455284552846,154,1
660.542936288089,406.462603878116,155,1
644.821333333333,413.514666666667,156,1
631.300518134715,417.80829015544,157,1
621.429708222812,425.220159151194,158,1
623.11320754717,423.738544474394,159,1
623.296089385475,423.427374301676,160,1
622.832,423.728,161,1
622.97027027027,423.389189189189,162,1
622.891008174387,423.444141689373,163,1
622.904109589041,423.432876712329,164,1
623.130311614731,423.223796033994,165,1
623.040540540541,423.5,166,1
622.978021978022,423.612637362637,167,1
623.185792349727,423.584699453552,168,1
623.395604395604,423.78021978022,169,1
624.263610315186,423.853868194842,170,1
624.43227665706,423.93083573487,171,1
624.587719298246,424.081871345029,172,1
625.00288184438,424.49855907781,173,1
625.832861189802,423.960339943343,174,1
626.640804597701,424.181034482759,175,1
626.625748502994,424.215568862275,176,1
627.333333333333,424.385964912281,177,1
628.130434782609,424.585507246377,178,1
629.229885057471,424.850574712644,179,1
631.065395095368,427,180,1
634.674094707521,431.091922005571,181,1
635.269886363636,434.431818181818,182,1
635.898016997167,438.076487252125,183,1
634.456090651558,443.988668555241,184,1
631.743732590529,450.649025069638,185,1
625.591397849462,461.104838709677,186,1
619.191977077364,473.656160458453,187,1
614.027548209366,484.011019283747,188,1
606.308743169399,497.412568306011,189,1
598.544474393531,509.908355795148,190,1
592.859943977591,524.46218487395,191,1
591.825613079019,538.468664850136,192,1
589.229916897507,552.725761772853,193,1
587.900284900285,570.490028490029,194,1
589.451612903226,584.102639296188,195,1
585.556164383562,597.616438356164,196,1
581.228882833787,611.316076294278,197,1
576.027397260274,625.764383561644,198,1
574.405633802817,639.408450704225,199,1
570.297002724796,652.237057220708,200,1
563.202702702703,665.713513513513,201,1
558.658031088083,678.712435233161,202,1
555.328083989501,689.997375328084,203,1
554.254054054054,702.624324324324,204,1
558.350684931507,713.515068493151,205,1
562.621546961326,727.674033149171,206,1
560.384823848239,736.962059620596,207,1
553.110526315789,750.763157894737,208,1
548.310991957105,765.506702412869,209,1
545.678873239437,779.366197183099,210,1
546.411428571429,792.517142857143,211,1
553.479166666667,806.270833333333,212,1
561.874316939891,817.07650273224,213,1
570.60597826087,824.692934782609,214,1
582.449350649351,833.909090909091,215,1
595.953168044077,841.04132231405,216,1
609.634349030471,847.443213296399,217,1
625.071240105541,852.870712401055,218,1
636.935064935065,858.935064935065,219,1
643.263305322129,860.249299719888,220,1
648.910290237467,856.11345646438,221,1
658.727027027027,846.4,222,1
672.377833753149,834.284634760705,223,1
684.088709677419,822.763440860215,224,1
697.20054200542,810.788617886179,225,1
711.421621621622,798.137837837838,226,1
722.952879581152,786.918848167539,227,1
734.905149051491,776.468834688347,228,1
747.90450928382,765.535809018568,229,1
758.986449864499,755.452574525745,230,1
769.744186046512,748.478036175711,231,1
782.087912087912,739.175824175824,232,1
793.11811023622,726.110236220472,233,1
799.812010443864,710.921671018277,234,1
803.092485549133,696.257225433526,235,1
806.394366197183,680.121126760563,236,1
807.104956268222,664.638483965015,237,1
808.684210526316,648.494152046784,238,1
810.458923512748,633.929178470255,239,1
812.902116402116,617.082010582011,240,1
813.700879765396,600.565982404692,241,1
808.21875,585.294270833333,242,1
800.796296296296,570.822751322751,243,1
792.886243386243,556.78835978836,244,1
787.188172043011,541.763440860215,245,1
788.372602739726,525.405479452055,246,1
787.155555555556,509.247222222222,247,1
783.521367521368,494.447293447293,248,1
777.656509695291,477.606648199446,249,1
772.073446327684,462.028248587571,250,1
772.050704225352,447.016901408451,251,1
768.633879781421,432.527322404372,252,1
760.659340659341,420.28021978022,253,1
751.594736842105,408.121052631579,254,1
745.546875,395.903645833333,255,1
738.235772357724,381.869918699187,256,1
727.351428571429,371.131428571429,257,1
713.145502645503,365.272486772487,258,1
699.406914893617,359.143617021277,259,1
689.570666666667,353.941333333333,260,1
684.643051771117,345.711171662125,261,1
681.214925373134,334.373134328358,262,1
681.404761904762,321.809523809524,263,1
680.370919881306,307.207715133531,264,1
677.7,292.925,265,1
671.506925207756,281.614958448753,266,1
662.731843575419,271.298882681564,267,1
654.532085561497,261.106951871658,268,1
644.661016949153,253.242937853107,269,1
633.792553191489,248.11170212766,270,1
624.898071625344,239.063360881543,271,1
621.723463687151,228.77374301676,272,1
620.328767123288,216.854794520548,273,1
617.830136986301,203.482191780822,274,1
617.33234421365,190.99703264095,275,1
614.958333333333,179.908333333333,276,1
610.946327683616,168.319209039548,277,1
606.650969529086,157.853185595568,278,1
603.165789473684,147.476315789474,279,1
600.282548476454,136.002770083102,280,1
601.842519685039,127.834645669291,281,1
603.50136239782,117.931880108992,282,1
602.458791208791,106.744505494505,283,1
602.75138121547,95.207182320442,284,1
603.729411764706,85.5382352941176,285,1
599.69918699187,76.7046070460705,286,1
594.076923076923,71.9835164835165,287,1
588.345945945946,64.1135135135135,288,1
585.505780346821,54.5722543352601,289,1
583.607843137255,43.8235294117647,290,1
579.577348066298,32.4558011049724,291,1
572.295890410959,24.5369863013699,292,1
564.248554913295,21.1271676300578,293,1
560.324637681159,17.1304347826087,294,1
NaN,NaN,295,1
NaN,NaN,296,1
NaN,NaN,297,1
NaN,NaN,298,1
NaN,NaN,299,1
NaN,NaN,300,1
NaN,NaN,301,1
NaN,NaN,302,1
