x,y,t,id
719.180555555556,518.260416666667,1,1
703.14527027027,505.918918918919,2,1
691.802675585284,496.1872909699,3,1
679.574829931973,496.965986394558,4,1
667.926666666667,494.446666666667,5,1
659.969387755102,482.595238095238,6,1
654.715277777778,462.979166666667,7,1
652.432525951557,447.494809688581,8,1
658.920962199313,436.501718213058,9,1
672.685430463576,433.619205298013,10,1
687.636690647482,438.241007194245,11,1
701.883802816901,452.503521126761,12,1
706.93470790378,463.707903780069,13,1
719.868794326241,472.81914893617,14,1
722.601503759398,486.383458646617,15,1
713.658362989324,500.540925266904,16,1
703.486111111111,509.944444444444,17,1
692,516.066889632107,18,1
677.657039711191,522.696750902527,19,1
663.814545454546,520.36,20,1
650.185964912281,513.361403508772,21,1
646.331058020478,500.105802047782,22,1
642.312080536913,482.862416107383,23,1
638.409420289855,469.471014492754,24,1
634.091228070175,460.20701754386,25,1
625.664406779661,456.73220338983,26,1
617.515463917526,452.034364261168,27,1
608.306859205776,447.703971119134,28,1
597.787545787546,450.164835164835,29,1
586.56884057971,452.003623188406,30,1
575.540441176471,450.099264705882,31,1
568.775510204082,446.122448979592,32,1
565.074324324324,433.418918918919,33,1
564.5,423.43006993007,34,1
565.569892473118,413.064516129032,35,1
564.367346938776,400.207482993197,36,1
561.184668989547,387.93031358885,37,1
559.139285714286,376.85,38,1
556.325342465753,370.243150684931,39,1
549.144295302013,364.761744966443,40,1
541.28417266187,358.726618705036,41,1
533.124555160142,358.003558718861,42,1
529.324840764331,360.866242038217,43,1
517.804794520548,363.280821917808,44,1
508.400709219858,363.368794326241,45,1
498.552346570397,365.545126353791,46,1
488.014705882353,367.551470588235,47,1
478.309278350515,364.134020618557,48,1
474.90365448505,354.890365448505,49,1
475.369718309859,346.81338028169,50,1
479.436363636364,333.021818181818,51,1
490.281138790036,324.274021352313,52,1
502.980519480519,318.581168831169,53,1
513.858131487889,311.287197231834,54,1
522.120996441281,301.124555160142,55,1
533.140794223827,302.249097472924,56,1
546.355400696864,312.128919860627,57,1
557.871428571429,325.939285714286,58,1
556.489130434783,338.927536231884,59,1
554.492592592593,354.011111111111,60,1
551.515570934256,366.59169550173,61,1
541.385382059801,377.435215946844,62,1
527.591973244147,381.207357859532,63,1
519.792079207921,384.788778877888,64,1
512.518518518518,393.552188552189,65,1
503.080267558528,404.926421404682,66,1
491.986842105263,409.118421052632,67,1
478.931654676259,408.539568345324,68,1
466.712802768166,399.889273356401,69,1
456.583606557377,387.934426229508,70,1
447.61328125,380.43359375,71,1
439.514754098361,370.908196721311,72,1
433.644827586207,361.955172413793,73,1
426.894736842105,354.700657894737,74,1
420.347079037801,352.364261168385,75,1
409.41935483871,355.47311827957,76,1
400.889285714286,358.942857142857,77,1
392.1961414791,368.59807073955,78,1
383.638795986622,375.548494983278,79,1
372.784946236559,379.802867383513,80,1
361.723636363636,379.901818181818,81,1
350.712802768166,375.934256055363,82,1
342.376712328767,370.178082191781,83,1
337.371527777778,364.104166666667,84,1
333.927586206897,354.693103448276,85,1
326.438127090301,343.434782608696,86,1
325.103806228374,331.006920415225,87,1
325.933098591549,319.943661971831,88,1
329.320132013201,311.366336633663,89,1
329.230215827338,311.863309352518,90,1
326.037162162162,312.422297297297,91,1
321.992727272727,320.130909090909,92,1
317.476666666667,327.333333333333,93,1
311.623655913978,337.508960573477,94,1
306.907894736842,345.970394736842,95,1
300.973063973064,353.111111111111,96,1
294.29746835443,357.370253164557,97,1
283.564285714286,359.321428571429,98,1
274.790378006873,361.209621993127,99,1
277.207885304659,366.587813620072,100,1
280.425454545455,376.876363636364,101,1
282.125461254613,388.19926199262,102,1
279.727272727273,401.616883116883,103,1
274.762068965517,407.375862068965,104,1
271.088028169014,412.989436619718,105,1
273.460526315789,421.444078947368,106,1
279.746527777778,421.798611111111,107,1
290.588028169014,419.542253521127,108,1
302.061302681992,418.777777777778,109,1
314.765799256506,417.144981412639,110,1
322.868243243243,405.77027027027,111,1
330.441860465116,394.418604651163,112,1
335.644518272425,382.654485049834,113,1
340.179856115108,371.665467625899,114,1
348.5,365.897058823529,115,1
355.615916955017,370.955017301038,116,1
360.540268456376,375.463087248322,117,1
371.150684931507,383.287671232877,118,1
380.795053003534,387.222614840989,119,1
392.816176470588,388.544117647059,120,1
400.256055363322,393.22491349481,121,1
406.083044982699,400.349480968858,122,1
408.482876712329,406.859589041096,123,1
409.049469964664,414.028268551237,124,1
408.035947712418,421.352941176471,125,1
401.625441696113,430.586572438163,126,1
398.230031948882,435.808306709265,127,1
392.84,444.683333333333,128,1
384.929530201342,452.030201342282,129,1
381.95498392283,458.04501607717,130,1
382.305970149254,466.686567164179,131,1
388.461016949153,471.386440677966,132,1
398.924460431655,473.151079136691,133,1
410.395104895105,479.024475524476,134,1
418.554716981132,482.875471698113,135,1
422.07722007722,480.942084942085,136,1
426.948275862069,472.906896551724,137,1
436.922558922559,462.929292929293,138,1
445.027586206897,459.410344827586,139,1
453.505190311419,455.121107266436,140,1
463.855072463768,449.905797101449,141,1
477.107407407407,447.533333333333,142,1
488.358267716535,450.413385826772,143,1
502.838345864662,451.300751879699,144,1
517.609318996416,448.523297491039,145,1
528.936842105263,451.038596491228,146,1
542.003745318352,452.958801498127,147,1
554.042857142857,452.142857142857,148,1
565.057046979866,449.05033557047,149,1
569.596551724138,441.072413793103,150,1
567.124183006536,427.950980392157,151,1
560.658450704225,415.274647887324,152,1
558.953736654804,401.982206405694,153,1
552.100334448161,390.993311036789,154,1
546.605960264901,379.496688741722,155,1
538.559210526316,368.983552631579,156,1
533.016949152542,360.437288135593,157,1
532.52688172043,350.992831541219,158,1
539.89,342.733333333333,159,1
550.418060200669,335.434782608696,160,1
562.051903114187,332.730103806228,161,1
569.143884892086,326.18345323741,162,1
568.665454545455,318.003636363636,163,1
560.936026936027,312.087542087542,164,1
552.535117056856,300.47491638796,165,1
546.717171717172,289.73063973064,166,1
545.703971119134,278.812274368231,167,1
547.769230769231,268.458193979933,168,1
548.457142857143,263.825,169,1
554.902777777778,255.572916666667,170,1
563.449826989619,250.930795847751,171,1
575.219081272085,249.070671378092,172,1
583.271523178808,245.44701986755,173,1
582.428070175439,242.624561403509,174,1
583.506578947368,231.483552631579,175,1
584.018518518518,223.111111111111,176,1
580.182142857143,220.810714285714,177,1
570.254966887417,218.549668874172,178,1
560.461267605634,209.926056338028,179,1
554.58389261745,202.278523489933,180,1
549.103448275862,191.462068965517,181,1
549.297491039427,182.078853046595,182,1
554.634482758621,174.603448275862,183,1
557.145328719723,167.657439446367,184,1
557.560553633218,156.429065743945,185,1
558.114583333333,154.145833333333,186,1
556.645695364238,160.433774834437,187,1
551.647058823529,165.044117647059,188,1
542.145038167939,166.110687022901,189,1
531.537366548043,165.519572953737,190,1
518.170454545455,162.943181818182,191,1
506.101398601399,159.524475524476,192,1
494.747508305648,152.322259136213,193,1
487.458904109589,148.003424657534,194,1
481.518394648829,140.478260869565,195,1
481.976666666667,139.12,196,1
483.223776223776,148.262237762238,197,1
482.188118811881,156.102310231023,198,1
480.436823104693,164.285198555957,199,1
479.556776556777,171.098901098901,200,1
477.038461538462,175.538461538462,201,1
477.41825095057,177.505703422053,202,1
477.602888086643,177.350180505415,203,1
477.446153846154,177.511538461538,204,1
477.02962962963,177.42962962963,205,1
476.928082191781,177.404109589041,206,1
477.082437275986,177.204301075269,207,1
476.985507246377,177.086956521739,208,1
476.966911764706,177.492647058824,209,1
477.055555555556,177.451851851852,210,1
476.920454545455,177.306818181818,211,1
477.284090909091,177.761363636364,212,1
477.114068441065,178.076045627376,213,1
476.926356589147,177.941860465116,214,1
477.12962962963,177.685185185185,215,1
477.180147058824,177.599264705882,216,1
477.106617647059,177.577205882353,217,1
477.026217228464,177.479400749064,218,1
476.523255813953,178.37984496124,219,1
478.881720430108,181.562724014337,220,1
480.430830039526,185.083003952569,221,1
478.608695652174,187.509881422925,222,1
477.425531914894,188.836879432624,223,1
472.219858156028,190.09219858156,224,1
466.063333333333,192.173333333333,225,1
459.503731343284,195.037313432836,226,1
456.239436619718,194.239436619718,227,1
454.521739130435,191.409420289855,228,1
450.408934707904,188.917525773196,229,1
447.293333333333,182.823333333333,230,1
445.486692015209,178.984790874525,231,1
445.210727969349,178.333333333333,232,1
445.596296296296,178.396296296296,233,1
445.684014869888,178.397769516729,234,1
445.640151515152,178.848484848485,235,1
445.346715328467,179.751824817518,236,1
446.692307692308,181.315384615385,237,1
446.421818181818,183.836363636364,238,1
444.628158844765,186.617328519856,239,1
439.540983606557,188.662295081967,240,1
435.094339622641,190.554716981132,241,1
429.477941176471,190.871323529412,242,1
425.52027027027,186.415540540541,243,1
417.976666666667,180.016666666667,244,1
411.659090909091,174.831168831169,245,1
406.569579288026,169.100323624595,246,1
401.655290102389,164.80204778157,247,1
398.084507042254,156.088028169014,248,1
397.830508474576,150.559322033898,249,1
391.459016393443,149.924590163934,250,1
386.901694915254,152.481355932203,251,1
383.83125,157.7125,252,1
380.723247232472,162.250922509225,253,1
376.271428571429,167.307142857143,254,1
371.939297124601,172.428115015974,255,1
368.360544217687,181.017006802721,256,1
364.635738831615,188.982817869416,257,1
359.097222222222,195.649305555556,258,1
354.522580645161,201.016129032258,259,1
347.555133079848,202.574144486692,260,1
343.003355704698,198.802013422819,261,1
338.13468013468,192.875420875421,262,1
332.5625,185.516447368421,263,1
325.720930232558,180.521594684385,264,1
318.4,179.996666666667,265,1
312.120274914089,182.553264604811,266,1
306.901960784314,186.820261437908,267,1
307.63829787234,193.09219858156,268,1
308.382671480144,200.129963898917,269,1
310.303886925795,207.356890459364,270,1
310,211.423913043478,271,1
310.254545454545,213.127272727273,272,1
308.209964412811,214.202846975089,273,1
305.260869565217,216.157190635452,274,1
301.53144654088,218.971698113208,275,1
297.75,223.280821917808,276,1
291.990384615385,226.224358974359,277,1
289.826366559486,227.418006430868,278,1
287.144876325088,231.159010600707,279,1
282.508591065292,234.962199312715,280,1
278.654952076677,236.172523961661,281,1
272.891089108911,240.884488448845,282,1
268.75,244.536184210526,283,1
264.593959731544,245.60067114094,284,1
261.404682274247,247.648829431438,285,1
258.116438356164,251.712328767123,286,1
252.765886287625,255.769230769231,287,1
247.164335664336,256.597902097902,288,1
243.447916666667,254.09375,289,1
242.170731707317,252.421602787456,290,1
238.625429553265,250.982817869416,291,1
234.589743589744,249.974358974359,292,1
232.696113074205,249.314487632509,293,1
232.915032679739,247.666666666667,294,1
232.80350877193,246.617543859649,295,1
232.489864864865,246.456081081081,296,1
232.307947019868,246.831125827815,297,1
232.667910447761,247.832089552239,298,1
232.277966101695,247.783050847458,299,1
