x,y,t,id
864.714689265537,563.528248587571,1,1
877.112716763006,558.138728323699,2,1
869.986111111111,547.363888888889,3,1
858.883852691218,533.067988668555,4,1
858.408219178082,517.369863013699,5,1
870.637883008357,515.08356545961,6,1
891.834285714286,518.551428571429,7,1
904.190476190476,531.404761904762,8,1
897.231428571429,549.314285714286,9,1
884.399433427762,559.093484419263,10,1
858.692737430168,565.094972067039,11,1
845.186629526462,565.147632311978,12,1
844.722222222222,549.313888888889,13,1
841.991428571429,540.505714285714,14,1
843.497126436782,538.997126436782,15,1
841.680965147453,531.56836461126,16,1
838.058011049724,526.477900552486,17,1
845.432960893855,513.874301675978,18,1
846.250688705234,507.539944903581,19,1
838.853723404255,495.606382978723,20,1
823.081871345029,497.678362573099,21,1
802.929155313352,497.659400544959,22,1
807.639204545455,512.292613636364,23,1
799.229946524064,534.526737967914,24,1
797.41847826087,544.127717391304,25,1
804.014577259475,564.01749271137,26,1
812.704918032787,579.185792349727,27,1
833.259776536313,586.628491620112,28,1
846.06887755102,595.150510204082,29,1
862.469387755102,591.98833819242,30,1
876.907608695652,582.934782608696,31,1
892.508875739645,587.538461538462,32,1
905.842666666667,579.936,33,1
912.664864864865,568.016216216216,34,1
902.823684210526,550.978947368421,35,1
900.94,531.908571428571,36,1
904.148044692737,515.527932960894,37,1
910.46218487395,504.725490196078,38,1
909.675078864353,503.675078864353,39,1
906.977142857143,503.025714285714,40,1
890.393048128342,498.176470588235,41,1
873.352777777778,487.786111111111,42,1
858.131054131054,475.472934472934,43,1
850.070707070707,485.613636363636,44,1
834.150134048257,503.616621983914,45,1
820.02808988764,517.22191011236,46,1
809.298387096774,527.16935483871,47,1
814.984496124031,540.139534883721,48,1
824.37037037037,560.592592592593,49,1
832.302139037433,576.040106951872,50,1
847.890080428954,586.514745308311,51,1
856.710810810811,601.616216216216,52,1
864.407932011331,614.118980169972,53,1
874.523121387283,615.326589595376,54,1
888.077586206897,605.568965517241,55,1
901.191256830601,594.51912568306,56,1
908.936288088643,577.426592797784,57,1
921.55614973262,559.20320855615,58,1
919.599462365591,553.680107526882,59,1
910.017595307918,538.422287390029,60,1
907.954929577465,519.380281690141,61,1
903.532544378698,506.976331360947,62,1
909.306849315068,490.065753424658,63,1
907.880952380952,481.613756613757,64,1
896.258823529412,474.747058823529,65,1
882.504373177843,484.440233236152,66,1
864.480337078652,490.191011235955,67,1
851.343324250681,481.196185286104,68,1
843.543175487465,465.409470752089,69,1
828.540229885057,451.847701149425,70,1
812.026548672566,450.935103244838,71,1
792.513274336283,450.345132743363,72,1
785.375706214689,453.850282485876,73,1
772.123036649215,471.013089005236,74,1
759.884718498659,481.388739946381,75,1
757.649859943978,493.050420168067,76,1
760.033898305085,513.661016949153,77,1
759.668571428571,532.268571428571,78,1
764.872972972973,551.227027027027,79,1
771.079019073569,566.975476839237,80,1
782.350282485876,573.251412429379,81,1
795.904109589041,582.035616438356,82,1
802.607629427793,591.561307901907,83,1
811.662303664921,609.133507853403,84,1
821.40119760479,609.194610778443,85,1
838.518950437318,612.568513119534,86,1
842.234159779614,611.67217630854,87,1
842.302083333333,597.408854166667,88,1
853,578.968586387435,89,1
854.775568181818,567.71875,90,1
856.005494505495,565.137362637363,91,1
859.841176470588,547.752941176471,92,1
862.511363636364,529.46875,93,1
870.496259351621,509.915211970075,94,1
878.362880886427,492.631578947368,95,1
882.724517906336,472.914600550964,96,1
873.359550561798,455.283707865169,97,1
863.729946524064,436.01871657754,98,1
863.903846153846,415.456043956044,99,1
872.942779291553,397.046321525886,100,1
875.983146067416,378.14606741573,101,1
871.422969187675,362.971988795518,102,1
869.851955307263,344.282122905028,103,1
877.78904109589,328.668493150685,104,1
878.439226519337,312.497237569061,105,1
873.634146341463,301.452574525745,106,1
866.321022727273,286.102272727273,107,1
865.328729281768,272.058011049724,108,1
860.645161290323,263.760752688172,109,1
852.902234636872,260.675977653631,110,1
834.202816901408,264.425352112676,111,1
818.324637681159,268.605797101449,112,1
807.606860158311,277.129287598945,113,1
803.680597014925,278.677611940299,114,1
803.611275964392,279.620178041543,115,1
803.868035190616,279.882697947214,116,1
800.176291793313,280.677811550152,117,1
784.847262247839,284.853025936599,118,1
772.088888888889,289.116666666667,119,1
765.64,301.18,120,1
755.398891966759,315.271468144044,121,1
738.213483146067,321.075842696629,122,1
725.539083557951,328.258760107817,123,1
714.016,337.709333333333,124,1
699.808,341.349333333333,125,1
691.710382513661,351.55737704918,126,1
691.094972067039,365.659217877095,127,1
697.444444444444,383.361823361823,128,1
697.219178082192,399.071232876712,129,1
702.649171270718,411.273480662983,130,1
711.994764397906,425.764397905759,131,1
724.213333333333,438.176,132,1
728.903485254692,443.592493297587,133,1
737.498583569405,454.875354107649,134,1
742.885117493473,470.55091383812,135,1
749.980609418283,472.891966759003,136,1
765.331460674157,470.61797752809,137,1
779.973451327434,469.660766961652,138,1
798.896358543417,472.635854341737,139,1
810.902777777778,473.602777777778,140,1
827.497252747253,470.137362637363,141,1
847.335227272727,466.835227272727,142,1
867.441595441595,461.250712250712,143,1
883.100263852243,454.385224274406,144,1
895.550531914894,441.675531914894,145,1
907.260273972603,427.586301369863,146,1
910.40625,415.349431818182,147,1
918.25,401.119565217391,148,1
929.433333333333,389.123076923077,149,1
943.150395778364,380.20580474934,150,1
952.223650385604,372.030848329049,151,1
965.218829516539,360.900763358779,152,1
977.501449275362,357.68115942029,153,1
991.534818941504,350.676880222841,154,1
1004.31117021277,344.816489361702,155,1
1011.64438502674,333.112299465241,156,1
1008.93390804598,319.977011494253,157,1
1001.89166666667,301.625,158,1
994.409836065574,284.784153005464,159,1
989.731843575419,270.63407821229,160,1
980.55525606469,256.929919137466,161,1
978.744565217391,250.20652173913,162,1
980.024456521739,258.078804347826,163,1
978.359331476323,267.267409470752,164,1
969.361185983827,280.687331536388,165,1
958.65445026178,293.397905759162,166,1
952.092896174863,308.117486338798,167,1
950.992105263158,324.015789473684,168,1
945.325520833333,346.770833333333,169,1
946.618131868132,368.063186813187,170,1
951.133152173913,388.951086956522,171,1
957.726342710997,408.759590792839,172,1
968.564516129032,427.97311827957,173,1
983.836734693878,444.760204081633,174,1
999.394444444444,459.433333333333,175,1
1008.18206521739,473.869565217391,176,1
1011.99746835443,491.926582278481,177,1
1020.11452513966,510.418994413408,178,1
1020.94166666667,524.988888888889,179,1
1012.41935483871,541,180,1
1004.11559139785,557.870967741935,181,1
1001.97435897436,572.980056980057,182,1
1005.59736842105,589.686842105263,183,1
1014.01329787234,604.507978723404,184,1
1017.96511627907,619.558139534884,185,1
1023.21657754011,633.24064171123,186,1
1035.3807106599,638.814720812183,187,1
1052.40579710145,643.727536231884,188,1
1070.1797752809,647.544943820225,189,1
1086.26133333333,651.533333333333,190,1
1102.08857142857,649.531428571429,191,1
1118.40233236152,644.446064139942,192,1
1129.76162790698,640.209302325581,193,1
1144.14655172414,636.617816091954,194,1
1146.31073446328,635.912429378531,195,1
1146.48369565217,629.054347826087,196,1
1153.03571428571,612.527472527473,197,1
1157.63513513514,601.540540540541,198,1
1156.275,589.113888888889,199,1
1158.59722222222,572.136111111111,200,1
1163.26420454545,558.599431818182,201,1
1161.61344537815,541.540616246499,202,1
1161.06837606838,525.928774928775,203,1
1164.74316939891,511.857923497268,204,1
1163.74498567335,503.042979942693,205,1
1161.343832021,502.207349081365,206,1
1154.49577464789,508.028169014084,207,1
1142.55459770115,520.991379310345,208,1
1124.94555873925,531.573065902579,209,1
1106.10109289617,541.193989071038,210,1
1090.93833780161,550.466487935657,211,1
1080.02197802198,564.923076923077,212,1
1071.29444444444,584.052777777778,213,1
1059.11320754717,601.506738544474,214,1
1048.22432432432,611.810810810811,215,1
1037.50904392765,623.180878552972,216,1
1025.89516129032,641.502688172043,217,1
1016.36243386243,647.473544973545,218,1
1015.17486338798,653.734972677596,219,1
1016.71428571429,671.703081232493,220,1
1022.97740112994,682.516949152542,221,1
1024.66295264624,682.311977715877,222,1
1025.20991253644,681.68221574344,223,1
1026.12957746479,681.208450704225,224,1
1026.48137535817,681.212034383954,225,1
1028.55614973262,681.534759358289,226,1
1037.26628895184,680.475920679887,227,1
1051.23188405797,680.860869565217,228,1
1063.08446866485,686.910081743869,229,1
1076.11977715877,696.782729805014,230,1
1089.46010638298,707.44414893617,231,1
1095.44173441734,724.563685636856,232,1
1100.7,740.936111111111,233,1
1110.98481012658,754.696202531646,234,1
1122.95442359249,766.412868632708,235,1
1126.54624277457,778.534682080925,236,1
1124.37677053824,792.348441926346,237,1
1116.24033149171,810.403314917127,238,1
1108.82719546742,824.983002832861,239,1
1102.13370473538,841.526462395543,240,1
1092.35013262599,856.729442970822,241,1
1077.0563002681,862.729222520107,242,1
1060.97574123989,866.681940700809,243,1
1042.96089385475,870.167597765363,244,1
1026.93557422969,873.820728291317,245,1
1016.98071625344,875.192837465565,246,1
1001.7661971831,873.377464788732,247,1
989.058171745152,866.141274238227,248,1
978.380434782609,853.013586956522,249,1
967.135734072022,838.864265927978,250,1
954.901639344262,825.486338797814,251,1
946.343243243243,815.202702702703,252,1
938.448863636364,800.042613636364,253,1
935.86646884273,784.635014836795,254,1
931.536111111111,769.586111111111,255,1
920.13296398892,755.861495844875,256,1
910.39247311828,743.766129032258,257,1
896.508928571429,740.130952380952,258,1
880.126050420168,742.173669467787,259,1
865.894444444444,748.011111111111,260,1
854.084795321637,750.213450292398,261,1
838.784916201117,751.18156424581,262,1
828.912328767123,757.890410958904,263,1
819.179347826087,767.70652173913,264,1
808.23661971831,772.10985915493,265,1
798.553977272727,775.082386363636,266,1
790.41348973607,775.422287390029,267,1
781.746438746439,770.920227920228,268,1
771.739361702128,764.162234042553,269,1
762.828254847645,756.221606648199,270,1
760.35393258427,745.154494382022,271,1
759.135869565217,727.991847826087,272,1
754.502793296089,714.016759776536,273,1
756.586111111111,705.672222222222,274,1
762.221606648199,691.562326869806,275,1
764.421195652174,675.885869565217,276,1
763.816216216216,662.581081081081,277,1
762.946629213483,648.960674157303,278,1
762.462162162162,630.986486486486,279,1
758.883656509695,614.695290858726,280,1
759.530898876405,600.185393258427,281,1
763.811428571429,583.497142857143,282,1
761.994444444444,570.502777777778,283,1
760.968481375358,561.042979942693,284,1
763.204610951009,547.760806916427,285,1
760.520661157025,532.00826446281,286,1
760.340909090909,517.482954545455,287,1
760.242603550296,500.62426035503,288,1
763.936639118457,488.575757575758,289,1
773.61095890411,479.967123287671,290,1
783.643051771117,469.555858310627,291,1
788.688385269122,455.745042492918,292,1
795.545714285714,445.982857142857,293,1
809.289256198347,438.35261707989,294,1
818.799479166667,428.6328125,295,1
821.047887323944,413.859154929577,296,1
821.229946524064,394.633689839572,297,1
818.971346704871,379.02005730659,298,1
814.419178082192,365.087671232877,299,1
812.971830985916,348.059154929577,300,1
816.644699140401,330.501432664756,301,1
821.91922005571,312.732590529248,302,1
828.426553672316,297.90395480226,303,1
833.474254742547,283.289972899729,304,1
832.393139841689,276.042216358839,305,1
830.350574712644,261.370689655172,306,1
832.626373626374,243.980769230769,307,1
836.591280653951,226.215258855586,308,1
842.206703910615,209.446927374302,309,1
844.683431952663,194.520710059172,310,1
844.529085872576,187.914127423823,311,1
851.496103896104,180.618181818182,312,1
859.706329113924,166.574683544304,313,1
867.260651629073,157.902255639098,314,1
877.634715025907,149.735751295337,315,1
885.488950276243,144.477900552486,316,1
891.014285714286,147.077142857143,317,1
