x,y,t,id
1072.73506493506,612.005194805195,1,1
1096.68852459016,607.590163934426,2,1
1117.91860465116,609.901162790698,3,1
1133.5698630137,611.750684931507,4,1
1152.70603674541,609.708661417323,5,1
1168.84653465347,602.834158415842,6,1
1186.52467532468,596.238961038961,7,1
1201.87088607595,602.564556962025,8,1
1214.11056511057,612.395577395577,9,1
1221.84575835476,619.560411311054,10,1
1236.47169811321,625.808625336927,11,1
1250.49751243781,623.084577114428,12,1
1261.87979539642,612.685421994885,13,1
1269.98936170213,600.595744680851,14,1
1280.86977886978,585.985257985258,15,1
1291.45263157895,572.305263157895,16,1
1300.89182058048,568.459102902375,17,1
1315.19072164948,562.881443298969,18,1
1324.68827930175,553.226932668329,19,1
1328.21727748691,537.599476439791,20,1
1330.04249291785,526.974504249292,21,1
1334.13838120104,517.075718015666,22,1
1342.10975609756,509.282926829268,23,1
1356.90785907859,503.940379403794,24,1
1373.31989247312,498.715053763441,25,1
1388.43007915567,498.656992084433,26,1
1402.60465116279,503.341085271318,27,1
1419.45628415301,507.07650273224,28,1
1431.26972010178,502.860050890585,29,1
1439.20734908136,491.732283464567,30,1
1440.6301369863,487.569863013699,31,1
1440.92076502732,486.96174863388,32,1
1441.29396325459,486.372703412073,33,1
1441.46701846966,486.517150395778,34,1
1441.77111716621,486.485013623978,35,1
1441.37978142077,485.48087431694,36,1
1441.25675675676,484.251351351351,37,1
1443.50129198966,480.708010335917,38,1
1449.48051948052,468.293506493506,39,1
1459.55808080808,450.270202020202,40,1
1470.47619047619,434.93984962406,41,1
1484.33977900552,431.171270718232,42,1
1494.84334203655,436.65274151436,43,1
1509.31007751938,447.545219638243,44,1
1516.43048128342,453.005347593583,45,1
1517.12096774194,453.467741935484,46,1
1516.94736842105,453.080332409972,47,1
1517.68595041322,453.085399449036,48,1
1517.64722222222,453.219444444444,49,1
1517.94594594595,453.57027027027,50,1
1517.8347107438,453.134986225895,51,1
1518.20485175202,452.851752021563,52,1
1518.70170454545,452.755681818182,53,1
1518.78393351801,453.058171745152,54,1
1518.86703601108,453.218836565097,55,1
1518.87365591398,453.478494623656,56,1
1518.28684210526,453.752631578947,57,1
1518.55313351499,453.855585831063,58,1
1518.55013550136,453.853658536585,59,1
1518.9010989011,453.024725274725,60,1
1521.93932038835,448.827669902913,61,1
1528.29238329238,445.461916461916,62,1
1537.61055276382,438.188442211055,63,1
1550.59359605911,426.852216748768,64,1
1563.12903225806,416.198511166253,65,1
1575.66582914573,403.206030150754,66,1
1585.27247956403,390.899182561308,67,1
1595.55789473684,380.631578947368,68,1
1608.77864583333,368.919270833333,69,1
1618.92366412214,355.40203562341,70,1
1622.77222222222,342.213888888889,71,1
1623.61494252874,332.51724137931,72,1
1628.60857908847,327.109919571046,73,1
1641.22680412371,324.020618556701,74,1
1650.91891891892,319.697297297297,75,1
NaN,NaN,76,1
NaN,NaN,77,1
NaN,NaN,78,1
NaN,NaN,79,1
1654.75423728814,316.703389830508,80,1
1652.2293814433,315.247422680412,81,1
1646.05405405405,303.959459459459,82,1
1642.33240223464,292.212290502793,83,1
1634.28791773779,279.300771208226,84,1
1626.10886075949,268.617721518987,85,1
1615.47286821705,264.64857881137,86,1
1602.50700280112,266.789915966387,87,1
1580.88055555556,267.713888888889,88,1
1560.66304347826,264.176630434783,89,1
1539.92245989305,261.245989304813,90,1
1521.51978891821,260.530343007916,91,1
1503.49350649351,259.838961038961,92,1
1487.92631578947,255.689473684211,93,1
1476.51256281407,248.180904522613,94,1
1466.65024630542,237.692118226601,95,1
1458.37810945274,224.273631840796,96,1
1453.43902439024,212.648780487805,97,1
1448.43324937028,207.045340050378,98,1
1447.39285714286,209.757653061224,99,1
1441.25304136253,218.0900243309,100,1
1433.42065491184,233.793450881612,101,1
1420.5351758794,247.967336683417,102,1
1406.95811518325,262.738219895288,103,1
1391.94708994709,274.484126984127,104,1
1380.99738219895,284.390052356021,105,1
1372.20153061224,294.260204081633,106,1
1370.32152588556,307.91825613079,107,1
1366.56806282723,320.942408376963,108,1
1367.93939393939,329.476584022039,109,1
1378.34,336.8925,110,1
1393.30534351145,342.671755725191,111,1
1410.9358974359,349.074358974359,112,1
1429.59173126615,352.074935400517,113,1
1446.90957446809,350.933510638298,114,1
1465.55497382199,347.180628272251,115,1
1484.56565656566,338.275252525253,116,1
1499.93638676845,326.452926208651,117,1
1515.50122850123,312.599508599509,118,1
1529.83505154639,303.144329896907,119,1
1543.52266666667,301.450666666667,120,1
1561.68421052632,298.181578947368,121,1
1577.13172043011,294.137096774194,122,1
1589.38648648649,292.5,123,1
1589.35376044568,292.58217270195,124,1
1589.62359550562,292.123595505618,125,1
1588.74874371859,290.155778894472,126,1
1590.20526315789,274.681578947368,127,1
1595.41902313625,254.46529562982,128,1
1599.67329545455,236.221590909091,129,1
1605.78961748634,218.743169398907,130,1
1610.08943089431,202.972899728997,131,1
1612.40053763441,186.629032258065,132,1
1612.30628272251,169.099476439791,133,1
1613.86161879896,155.33681462141,134,1
1620.57368421053,142.881578947368,135,1
1623.13698630137,136.13698630137,136,1
1622.23237597911,126.530026109661,137,1
1619.84126984127,118.664021164021,138,1
1619.75274725275,107.401098901099,139,1
1618.65714285714,97.7454545454545,140,1
1612.02702702703,89.5675675675676,141,1
1603.42144638404,78.2668329177057,142,1
1601.69754768392,68.3051771117166,143,1
1601.59052924791,64.6378830083565,144,1
1597.57974683544,61.0962025316456,145,1
1589.58040201005,52.0150753768844,146,1
1582.78772378517,47.3734015345269,147,1
1578.14463840399,40.3117206982544,148,1
1576.72236503856,33.8303341902314,149,1
1574.22251308901,25.0235602094241,150,1
1575.18997361478,19.042216358839,151,1
NaN,NaN,152,1
NaN,NaN,153,1
NaN,NaN,154,1
NaN,NaN,155,1
NaN,NaN,156,1
NaN,NaN,157,1
NaN,NaN,158,1
NaN,NaN,159,1
NaN,NaN,160,1
NaN,NaN,161,1
NaN,NaN,162,1
NaN,NaN,163,1
NaN,NaN,164,1
NaN,NaN,165,1
1582.27093596059,15.6009852216749,166,1
1599.74623115578,27.105527638191,167,1
1615.9817232376,36.4856396866841,168,1
1635.60465116279,46.4702842377261,169,1
1649.5664893617,57.0744680851064,170,1
NaN,NaN,171,1
NaN,NaN,172,1
NaN,NaN,173,1
NaN,NaN,174,1
NaN,NaN,175,1
NaN,NaN,176,1
NaN,NaN,177,1
NaN,NaN,178,1
NaN,NaN,179,1
NaN,NaN,180,1
NaN,NaN,181,1
NaN,NaN,182,1
NaN,NaN,183,1
1648.19830028329,65.9688385269122,184,1
1644.8650137741,86.6225895316804,185,1
1644.7783933518,109.903047091413,186,1
1649.51670951157,132.478149100257,187,1
1650.26666666667,150.294444444444,188,1
1641.02857142857,168.114285714286,189,1
1634.93010752688,190.405913978495,190,1
1631.9837398374,210.929539295393,191,1
1618.96287128713,225.940594059406,192,1
1605.90649350649,240.8,193,1
1596.81720430108,257.94623655914,194,1
1591.92950391645,275.689295039165,195,1
1595.68533333333,293.88,196,1
1600.55613577023,308.036553524804,197,1
1600.34120734908,325.561679790026,198,1
1604.96765498652,347.105121293801,199,1
1611.09367088608,365.362025316456,200,1
1620.94056847545,384.015503875969,201,1
1633.52207792208,398.607792207792,202,1
1649.03544303797,408.40253164557,203,1
NaN,NaN,204,1
NaN,NaN,205,1
NaN,NaN,206,1
NaN,NaN,207,1
NaN,NaN,208,1
1655.95505617978,425.592696629213,209,1
1647.94822888283,443.787465940055,210,1
1644.59249329759,463.85254691689,211,1
1642.34759358289,483.572192513369,212,1
1634.42708333333,500.65625,213,1
1623.62162162162,515.056756756757,214,1
1610.55242966752,531.033248081841,215,1
1602.0942408377,541.890052356021,216,1
1593.8167539267,547.727748691099,217,1
1573.98076923077,552.898351648352,218,1
1554.48831168831,557.05974025974,219,1
1536.63089005236,563.748691099476,220,1
1521.62803234501,567.752021563342,221,1
1509.19676549865,563.711590296496,222,1
1493.62670299728,559.239782016349,223,1
1477.57692307692,556.706043956044,224,1
1460.85714285714,555.984126984127,225,1
1446.50391644909,555.597911227154,226,1
1434.14775725594,562.894459102902,227,1
1428.42287234043,570.840425531915,228,1
1417.55613577023,579.485639686684,229,1
1404.44836956522,588.39402173913,230,1
1390.68380462725,587.352185089974,231,1
1378.86340206186,581.157216494845,232,1
1365.55365853659,573.439024390244,233,1
1353.26923076923,567.615384615385,234,1
1340.05347593583,562.877005347594,235,1
1329.08403361345,562.142857142857,236,1
1321.55284552846,564.582655826558,237,1
1311.25066666667,562.52,238,1
1300.58205128205,557.382051282051,239,1
1291.03299492386,552.766497461929,240,1
1285.12432432432,551.767567567568,241,1
1281.53185595568,551.207756232687,242,1
1280.61772853186,551.138504155125,243,1
1283.25925925926,553.791005291005,244,1
1287.09333333333,553.858666666667,245,1
1293.89361702128,566.619680851064,246,1
1300.87244897959,578.165816326531,247,1
1307.0618556701,596.417525773196,248,1
1313.74489795918,615.783163265306,249,1
1318.28534031414,635.573298429319,250,1
1321.02827763496,655.776349614396,251,1
1325.46649484536,676.327319587629,252,1
1328.42133333333,695.256,253,1
1334.16879795396,710.012787723785,254,1
1344.8391959799,720.706030150754,255,1
1359.86595174263,728.12600536193,256,1
1378.79850746269,734.646766169154,257,1
1395.98737373737,742.861111111111,258,1
1413.40157480315,748.03937007874,259,1
1432.42933333333,748.536,260,1
1450.50413223141,746.099173553719,261,1
1468.70914127424,745.756232686981,262,1
1472.96658097686,747.958868894602,263,1
1479.27272727273,753.441558441558,264,1
1488.80927835052,763.157216494845,265,1
1502.11720698254,770.162094763092,266,1
1517.97680412371,772.226804123711,267,1
1534.96143250689,775.479338842975,268,1
1551.5,779.041025641026,269,1
1566.72727272727,777.724747474747,270,1
1579.08651399491,770.745547073791,271,1
1595.64415584416,768.161038961039,272,1
1611.27272727273,768.977961432507,273,1
1624.04469273743,772.421787709497,274,1
1631.41085271318,780.53488372093,275,1
1638.84938271605,788.160493827161,276,1
1644.27631578947,792.752631578947,277,1
1647.41223404255,802.103723404255,278,1
1648.55585831063,807.362397820163,279,1
1651.76010781671,818.307277628032,280,1
1656.12860892388,827.312335958005,281,1
1656.40106951872,836.22192513369,282,1
1653.40650406504,845.444444444444,283,1
1653.89066666667,853.176,284,1
1656.58031088083,856.430051813472,285,1
1658.93175853018,858.979002624672,286,1
1659.58055555556,861.372222222222,287,1
1661.76640419948,862.11811023622,288,1
1662.05497382199,862.895287958115,289,1
1662.69251336898,862.663101604278,290,1
NaN,NaN,291,1
NaN,NaN,292,1
NaN,NaN,293,1
NaN,NaN,294,1
NaN,NaN,295,1
NaN,NaN,296,1
NaN,NaN,297,1
NaN,NaN,298,1
NaN,NaN,299,1
NaN,NaN,300,1
NaN,NaN,301,1
NaN,NaN,302,1
NaN,NaN,303,1
1666.19714285714,707.757142857143,304,1
1666.62464183381,688.530085959885,305,1
NaN,NaN,306,1
NaN,NaN,307,1
