x,y,t,id
1028.628125,654.009375,1,1
1028.88629737609,654.288629737609,2,1
1028.84112149533,654.271028037383,3,1
1028.74534161491,654.086956521739,4,1
1028.56797583082,654.365558912387,5,1
1028.86335403727,654.288819875776,6,1
1028.83800623053,654.274143302181,7,1
1028.95665634675,654.284829721362,8,1
1029.125,654.083333333333,9,1
1028.903125,654.325,10,1
1029.26586102719,654.302114803625,11,1
1029.06389776358,654.025559105431,12,1
1028.88714733542,654.30407523511,13,1
1028.88993710692,654.289308176101,14,1
1029.0062305296,654.414330218069,15,1
1029.28828828829,654.27027027027,16,1
1029.08766233766,654.074675324675,17,1
1028.93769470405,654.330218068536,18,1
1028.93457943925,654.336448598131,19,1
1029.34796238245,653.984326018809,20,1
1029.06430868167,654.057877813505,21,1
1029.28048780488,654.268292682927,22,1
1028.94345238095,654.369047619048,23,1
1029.01935483871,654.058064516129,24,1
1028.84394904459,654.242038216561,25,1
1028.92878338279,654.350148367953,26,1
1029.02849002849,654.088319088319,27,1
1029.23867069486,654.172205438066,28,1
1029.29573170732,654.225609756098,29,1
1029.503125,654.1375,30,1
1029.45794392523,654.09968847352,31,1
1029.47663551402,654.14953271028,32,1
1029.49056603774,654.078616352201,33,1
1029.41139240506,654.139240506329,34,1
1029.490625,654.075,35,1
1029.49358974359,654.426282051282,36,1
1029.9335347432,654.471299093656,37,1
1030.04923076923,654.553846153846,38,1
1029.9905362776,654.583596214511,39,1
1029.96178343949,654.882165605096,40,1
1030.46078431373,654.947712418301,41,1
1031.065830721,654.498432601881,42,1
1037.49843260188,653.184952978056,43,1
1046.225,650.825,44,1
1055.55555555556,650.44126984127,45,1
1064.00316455696,651.420886075949,46,1
1063.04229607251,648.135951661631,47,1
1062.73273273273,647.63963963964,48,1
1061.30218068536,649.380062305296,49,1
1046.89905362776,647.757097791798,50,1
1026.89915966387,644.700280112045,51,1
1015.69278996865,640.028213166144,52,1
1008.81081081081,650.870870870871,53,1
1005.73270440252,657.968553459119,54,1
1006.02830188679,657.198113207547,55,1
1009.66984126984,653.374603174603,56,1
1010.56923076923,654.852307692308,57,1
1010.53230769231,654.923076923077,58,1
1010.65420560748,653.691588785047,59,1
1010.98432601881,653.394984326019,60,1
1010.57654723127,653.42671009772,61,1
1010.97151898734,653.971518987342,62,1
1010.91639871383,653.967845659164,63,1
1010.77814569536,653.582781456954,64,1
1010.76411960133,653.677740863787,65,1
1010.47350993377,654.009933774834,66,1
1010.43189368771,654.053156146179,67,1
1010.4381270903,654.056856187291,68,1
1010.54368932039,654.333333333333,69,1
1011.22600619195,653.978328173375,70,1
1010.41025641026,653.721153846154,71,1
1010.35576923077,653.762820512821,72,1
1010.56549520767,654.338658146965,73,1
1010.54662379421,654.263665594855,74,1
1010.76996805112,654.130990415335,75,1
1010.90548780488,653.594512195122,76,1
1010.85901639344,653.606557377049,77,1
1010.81366459627,653.745341614907,78,1
1010.50326797386,654.003267973856,79,1
1010.63782051282,654.294871794872,80,1
1010.65705128205,654.349358974359,81,1
1010.64856230032,654.338658146965,82,1
1010.46105919003,654.028037383178,83,1
1010.54012345679,653.962962962963,84,1
1010.58385093168,653.965838509317,85,1
1011.18808777429,654.216300940439,86,1
1011.23913043478,654.145962732919,87,1
1011.17096774194,653.71935483871,88,1
1011.16774193548,653.787096774194,89,1
1010.87540983607,653.652459016393,90,1
1010.80666666667,653.773333333333,91,1
1010.66563467492,653.978328173375,92,1
1010.91693290735,654.031948881789,93,1
1010.95806451613,654.029032258064,94,1
1011.28971962617,654.127725856698,95,1
1010.88178913738,654.076677316294,96,1
1010.9421221865,654.093247588424,97,1
1010.90095846645,654.08945686901,98,1
1011.17445482866,654.09968847352,99,1
1010.89423076923,654.044871794872,100,1
1011.19875776398,654.114906832298,101,1
1010.91025641026,654.060897435897,102,1
1011.18867924528,654.062893081761,103,1
1011.18322981366,654.071428571429,104,1
1010.92948717949,653.958333333333,105,1
1010.89423076923,654.048076923077,106,1
1010.95819935691,653.996784565916,107,1
1010.85197368421,653.671052631579,108,1
1011.16666666667,653.75,109,1
1011.18808777429,654.021943573668,110,1
1011.14195583596,654.085173501577,111,1
1010.99692307692,653.630769230769,112,1
1010.5641025641,653.551282051282,113,1
1010.86206896552,653.689655172414,114,1
1010.50482315113,653.540192926045,115,1
1010.58631921824,653.602605863192,116,1
1010.51282051282,653.615384615385,117,1
1010.85358255452,653.682242990654,118,1
1010.86068111455,653.693498452012,119,1
1010.92,654.030769230769,120,1
1010.81268882175,654.208459214502,121,1
1010.93313069909,654.206686930091,122,1
1011.1,654.326470588235,123,1
1011.00304878049,654.07012195122,124,1
1011.11178247734,654.027190332326,125,1
1011.69938650307,654.10736196319,126,1
1011.1376146789,653.957186544343,127,1
1011.27575757576,653.712121212121,128,1
1011.65846153846,653.772307692308,129,1
1011.68224299065,653.788161993769,130,1
1011.79027355623,654.112462006079,131,1
1011.84638554217,654.063253012048,132,1
1011.91291291291,653.990990990991,133,1
1011.89221556886,654.005988023952,134,1
1011.87048192771,654.021084337349,135,1
1011.91591591592,654.129129129129,136,1
1011.78963414634,654.082317073171,137,1
1011.7507788162,653.704049844237,138,1
1011.86445783133,654.006024096386,139,1
1011.79341317365,654.077844311377,140,1
1011.81873111782,654.066465256798,141,1
1011.80373831776,653.809968847352,142,1
1011.86068111455,653.724458204334,143,1
1011.77708978328,653.792569659443,144,1
1011.75,653.731481481482,145,1
1011.85185185185,653.712962962963,146,1
1011.8125,653.746875,147,1
1011.70245398773,653.763803680982,148,1
1011.83333333333,653.700617283951,149,1
1011.77846153846,653.630769230769,150,1
1011.78193146417,653.719626168224,151,1
1011.80307692308,653.713846153846,152,1
1011.78504672897,653.763239875389,153,1
1011.84638554217,654.165662650602,154,1
1011.91818181818,654.19696969697,155,1
1012.48632218845,654.462006079027,156,1
1012.73451327434,654.684365781711,157,1
1012.95327102804,654.529595015576,158,1
1012.76025236593,653.914826498423,159,1
1012.92233009709,654.135922330097,160,1
1013.30434782609,654.248447204969,161,1
1013.35625,654.215625,162,1
1013.65548780488,654.301829268293,163,1
1013.3653250774,654.188854489164,164,1
1013.4509202454,654.153374233129,165,1
1013.8549382716,654.364197530864,166,1
1013.52229299363,654.315286624204,167,1
1013.38815789474,653.973684210526,168,1
1013.66774193548,653.564516129032,169,1
1012.85623003195,653.472843450479,170,1
1012.49050632911,653.256329113924,171,1
1012.32475884244,653.231511254019,172,1
1012.02866242038,652.929936305732,173,1
1012.50482315113,652.430868167203,174,1
1013.41087613293,652.247734138973,175,1
1017.88817891374,653.095846645367,176,1
1024.16242038217,652.984076433121,177,1
1037.30194805195,654.334415584416,178,1
1047.44347826087,659.91884057971,179,1
1056.20903954802,665.870056497175,180,1
1067.5141955836,667.605678233439,181,1
1076.49107142857,671.901785714286,182,1
1077.32,679.774285714286,183,1
1070.63525835866,683.650455927052,184,1
1060.80538922156,679.170658682635,185,1
1050.0119760479,667.841317365269,186,1
1043.98757763975,655.630434782609,187,1
1043.14769230769,640.793846153846,188,1
1039.03801169591,627.260233918129,189,1
1032.22891566265,616.762048192771,190,1
1032.26153846154,604.596923076923,191,1
1041.43072289157,593.340361445783,192,1
1052.5896656535,583.662613981763,193,1
1059.1265060241,575.19578313253,194,1
1060.33870967742,567.854838709677,195,1
1060.1572327044,566.798742138365,196,1
1060.42307692308,566.814102564103,197,1
1060.42903225806,566.812903225807,198,1
1060.48264984227,566.381703470032,199,1
1061.05031446541,566.138364779874,200,1
1065.54166666667,563.345238095238,201,1
1071.88985507246,560.930434782609,202,1
1079.71686746988,556.599397590361,203,1
1081.76825396825,552.326984126984,204,1
1079.76047904192,549.065868263473,205,1
1074.46012269939,531.963190184049,206,1
1071.00617283951,520.472222222222,207,1
1060.1376146789,516.311926605505,208,1
1048.85756676558,513.195845697329,209,1
1047.48059701493,512.444776119403,210,1
1047.48396501458,512.116618075802,211,1
1047.40476190476,512.071428571429,212,1
1047.33431085044,512.143695014663,213,1
1047.08411214953,512.327102803738,214,1
1047.14906832298,512.273291925466,215,1
1046.58181818182,511.557575757576,216,1
1047.80736543909,509.362606232295,217,1
1046.29846153846,503.267692307692,218,1
1047.18927444795,502.249211356467,219,1
1051.98153846154,492.52,220,1
1053.89457831325,485.496987951807,221,1
1053.20535714286,485.794642857143,222,1
1052.55555555556,490.457142857143,223,1
1049.5889212828,497.830903790087,224,1
1040.5015576324,511.043613707165,225,1
1034.2754491018,524.254491017964,226,1
1030.36526946108,542.152694610778,227,1
1030.90273556231,560.531914893617,228,1
1036.90087463557,580.927113702624,229,1
1045.83806818182,599.948863636364,230,1
1057.68767908309,614.183381088825,231,1
1061.44712990937,618.676737160121,232,1
1063.7893258427,625.137640449438,233,1
1072.53561253561,635.512820512821,234,1
1090.49845201238,646.814241486068,235,1
1104.27607361963,655.858895705521,236,1
1117.68633540373,657.540372670807,237,1
1132.41049382716,654.052469135802,238,1
1144.79384615385,644.787692307692,239,1
1154.27298050139,634.618384401114,240,1
1155.18300653595,629.013071895425,241,1
1146.97256097561,617.969512195122,242,1
1135.4754601227,602.09509202454,243,1
1125.2625,591.184375,244,1
1110.97196261682,583.514018691589,245,1
1100.48181818182,569.606060606061,246,1
1090.44897959184,556.014577259475,247,1
1085.54117647059,548.976470588235,248,1
1082.61807580175,541.874635568513,249,1
1082.54938271605,539.157407407407,250,1
1083.5,538.43137254902,251,1
1085.83180428135,532.296636085627,252,1
1088.49705882353,525.876470588235,253,1
1089.74096385542,524.843373493976,254,1
1089.51289398281,525.378223495702,255,1
1090.76646706587,525.925149700599,256,1
1096.26461538462,525.753846153846,257,1
1100.66355140187,524.221183800623,258,1
1103.04848484848,523.233333333333,259,1
1111,523.959595959596,260,1
1120.00892857143,522.809523809524,261,1
1132.46875,519.2375,262,1
1144.71428571429,518.751552795031,263,1
1156.42724458204,521.046439628483,264,1
1163.30573248408,522.646496815287,265,1
1164.12871287129,522.478547854785,266,1
1164.50621118012,522.093167701863,267,1
1164.14603174603,522.126984126984,268,1
1164.15335463259,522.086261980831,269,1
1164.30864197531,521.842592592593,270,1
1164.54402515723,522.040880503145,271,1
1164.45161290323,522.38064516129,272,1
1164.94059405941,522.650165016502,273,1
1164.02605863192,522.557003257329,274,1
1161.09939759036,522.210843373494,275,1
1156.58064516129,519.75366568915,276,1
1149.11746987952,514.867469879518,277,1
1143.17611940299,507.773134328358,278,1
1141.0125,504.60625,279,1
1137.14067278287,505.357798165138,280,1
1122.13924050633,503.863924050633,281,1
1106.19020172911,496.962536023055,282,1
1103.09667673716,501.117824773414,283,1
1091.15204678363,514.625730994152,284,1
1071.96646341463,526.853658536585,285,1
1050.47151898734,530.389240506329,286,1
1030.23974763407,532.334384858044,287,1
1013.12063492063,534.285714285714,288,1
995.682926829268,532.689024390244,289,1
979.088888888889,533.15873015873,290,1
963.854489164087,539.427244582043,291,1
952.196825396825,541.869841269841,292,1
945.682926829268,540.905487804878,293,1
941.393162393162,536.655270655271,294,1
941.350453172205,534.61329305136,295,1
940.956923076923,533.461538461538,296,1
941.447530864198,532.966049382716,297,1
943.091463414634,528.753048780488,298,1
946.302839116719,521.466876971609,299,1
951.829341317365,509.934131736527,300,1
953.578616352201,498.53144654088,301,1
947.576023391813,483.055555555556,302,1
936.461095100865,469.204610951009,303,1
928.516516516517,461.48048048048,304,1
927.912903225806,455.567741935484,305,1
927.947040498442,454.996884735203,306,1
927.984423676013,454.88785046729,307,1
