x,y,t,id
828.491452991453,555.068376068376,1,1
829.414225941423,557,2,1
830.298701298701,562.402597402597,3,1
831.279069767442,570.767441860465,4,1
832.633333333333,579.2,5,1
827.051792828685,589.99203187251,6,1
820.028225806452,597.060483870968,7,1
810.113445378151,601.647058823529,8,1
801.947368421053,602.959514170041,9,1
799.5625,609.095833333333,10,1
803.517786561265,616.529644268775,11,1
810.958174904943,623.627376425855,12,1
818.03813559322,627.559322033898,13,1
819.043824701195,627.06374501992,14,1
819,627.064257028112,15,1
819.075630252101,626.512605042017,16,1
818.599190283401,626.587044534413,17,1
818.441767068273,626.570281124498,18,1
818.532258064516,626.403225806452,19,1
818.806451612903,626.197580645161,20,1
818.857740585774,626.556485355649,21,1
818.952380952381,626.833333333333,22,1
818.786610878661,626.702928870293,23,1
818.924369747899,626.647058823529,24,1
818.872340425532,626.676595744681,25,1
819.024390243902,627.060975609756,26,1
819.316455696203,627.210970464135,27,1
819.064516129032,627.004032258065,28,1
819.319327731092,627.18487394958,29,1
819.5,627.5,30,1
819.460526315789,627.59649122807,31,1
820.390756302521,627.987394957983,32,1
820.384615384615,628.514170040486,33,1
820.019305019305,628.621621621622,34,1
820.411290322581,628.495967741935,35,1
820.907949790795,628.418410041841,36,1
820.966386554622,628.441176470588,37,1
820.954166666667,628.504166666667,38,1
820.852,628.112,39,1
820.8,628.112,40,1
820.819327731092,627.831932773109,41,1
820.443514644351,628.117154811716,42,1
820.45,628.083333333333,43,1
820.536290322581,628.362903225806,44,1
820.409282700422,628.168776371308,45,1
820.405857740586,628.167364016736,46,1
820.1625,628.470833333333,47,1
820.506024096386,628.626506024096,48,1
820.827731092437,628.689075630252,49,1
820.506666666667,628.542222222222,50,1
820.757709251101,628.259911894273,51,1
820.866359447005,628.571428571429,52,1
820.545454545455,628.489177489177,53,1
820.433333333333,628.15,54,1
820.502092050209,628.912133891213,55,1
820.483739837398,628.60162601626,56,1
820.13025210084,628.525210084034,57,1
820.079166666667,628.566666666667,58,1
820.403225806452,628.584677419355,59,1
820.670731707317,628.325203252033,60,1
820.484716157205,628.528384279476,61,1
820.44537815126,628.201680672269,62,1
820.770562770563,628.251082251082,63,1
820.87962962963,628.537037037037,64,1
820.557522123894,628.46017699115,65,1
820.532258064516,628.653225806452,66,1
820.577405857741,628.937238493724,67,1
820.929166666667,628.604166666667,68,1
821.170833333333,628.266666666667,69,1
821.265486725664,628.570796460177,70,1
821.165975103734,628.302904564315,71,1
821.266375545851,628.659388646288,72,1
820.569565217391,628.508695652174,73,1
820.814345991561,628.666666666667,74,1
820.464135021097,629.012658227848,75,1
820.888,629.112,76,1
820.603375527426,628.95358649789,77,1
820.479508196721,628.602459016393,78,1
820.029661016949,628.610169491525,79,1
820.697872340426,628.736170212766,80,1
820.854625550661,629.136563876652,81,1
820.457983193277,629.915966386555,82,1
820.364,629.536,83,1
820.464285714286,629.555555555556,84,1
820.55230125523,629.811715481172,85,1
820.3,630.029166666667,86,1
820.012875536481,630.978540772532,87,1
819.627802690583,630.874439461883,88,1
819.675105485232,631.337552742616,89,1
819.650862068965,631.422413793103,90,1
819.646551724138,631.405172413793,91,1
820.05,631.5,92,1
820.037190082645,631.433884297521,93,1
820.400862068965,631.538793103448,94,1
820.4,631.530434782609,95,1
818.936440677966,631.033898305085,96,1
818.921397379913,630.475982532751,97,1
818.5,630.546610169491,98,1
817.355648535565,630.81589958159,99,1
816.95041322314,631.566115702479,100,1
816.029166666667,632.604166666667,101,1
813.0625,632.45,102,1
810.570833333333,632.958333333333,103,1
805.983333333333,634.591666666667,104,1
801.765873015873,635.690476190476,105,1
794.782101167315,631.700389105058,106,1
789.645756457565,629.287822878229,107,1
786.661087866109,627.845188284519,108,1
786.091703056769,627.860262008734,109,1
786.034188034188,628.179487179487,110,1
785.621739130435,628.695652173913,111,1
785.607438016529,629.082644628099,112,1
785.215447154472,629.182926829268,113,1
785.448132780083,629.03734439834,114,1
785.116,629.18,115,1
784.669456066946,629.108786610879,116,1
784.698347107438,629.177685950413,117,1
784.685589519651,628.61135371179,118,1
784.65,628.15,119,1
785,628.5,120,1
784.929166666667,628.466666666667,121,1
784.513043478261,628.447826086957,122,1
784.547413793103,628.396551724138,123,1
784.578723404255,628.574468085106,124,1
784.171052631579,627.127192982456,125,1
784.445414847162,626.624454148472,126,1
784.422594142259,626.10460251046,127,1
784.02390438247,626.01593625498,128,1
783.741666666667,625.825,129,1
784.058577405858,625.502092050209,130,1
783.983739837398,625.024390243902,131,1
784.029166666667,625.345833333333,132,1
783.917391304348,625.060869565217,133,1
783.648,625.264,134,1
783.533898305085,624.983050847458,135,1
783.666666666667,625.14859437751,136,1
783.556962025316,624.919831223629,137,1
783.464135021097,624.970464135021,138,1
783.41015625,624.9453125,139,1
783.074561403509,624.934210526316,140,1
783.125,624.933035714286,141,1
783.083700440529,624.898678414097,142,1
783.074889867841,624.845814977974,143,1
783.004237288136,624.550847457627,144,1
783.029914529915,624.491452991453,145,1
783.149122807018,624.776315789474,146,1
783.127192982456,624.842105263158,147,1
783.091703056769,624.855895196507,148,1
782.753138075314,624.748953974895,149,1
783.078602620087,624.847161572052,150,1
783.41935483871,624.54435483871,151,1
783.366812227074,624.558951965065,152,1
783.046610169491,624.457627118644,153,1
782.96186440678,624.550847457627,154,1
782.953191489362,624.582978723404,155,1
783.139737991266,624.807860262009,156,1
783.101769911504,624.774336283186,157,1
782.978070175439,624.175438596491,158,1
783,624.5,159,1
782.555102040816,624.383673469388,160,1
782.669565217391,624.373913043478,161,1
782.627192982456,624.429824561404,162,1
782.608695652174,624.413043478261,163,1
782.836206896552,624.120689655172,164,1
782.941908713693,624.356846473029,165,1
782.911764705882,624.495798319328,166,1
782.924686192469,624.47280334728,167,1
782.865217391304,624.234782608696,168,1
782.5,624.15,169,1
782.621739130435,624.421739130435,170,1
782.55652173913,624.413043478261,171,1
782.56768558952,624.419213973799,172,1
782.220183486239,624.316513761468,173,1
782.631355932203,624.771186440678,174,1
782.85652173913,624.052173913043,175,1
782.81512605042,623.72268907563,176,1
782.637554585153,624.314410480349,177,1
782.168776371308,624.350210970464,178,1
782.181434599156,624.405063291139,179,1
782.522267206478,624.485829959514,180,1
782.026200873362,624.065502183406,181,1
782.080508474576,624.402542372881,182,1
782.160337552743,624.341772151899,183,1
782.15611814346,624.337552742616,184,1
783.008695652174,623.917391304348,185,1
783.79746835443,623.654008438819,186,1
783.471544715447,623.560975609756,187,1
783.564853556485,623.882845188284,188,1
783.153225806452,623.850806451613,189,1
783.101214574899,623.923076923077,190,1
783.884297520661,623.404958677686,191,1
784.523605150215,621.55364806867,192,1
785.318725099602,619.02390438247,193,1
785.951219512195,618.459349593496,194,1
790.737451737452,615.146718146718,195,1
796.352,611.392,196,1
797.650406504065,608.609756097561,197,1
796.163346613546,608.191235059761,198,1
793.363636363636,604.103305785124,199,1
791.564,597.42,200,1
789.43153526971,589.016597510373,201,1
787.404545454545,579.136363636364,202,1
787.451327433628,572,203,1
784.429718875502,566.518072289157,204,1
778.187250996016,563.828685258964,205,1
775.224669603524,563.867841409692,206,1
775.117903930131,563.956331877729,207,1
775.095022624434,564.380090497738,208,1
775.091703056769,564.008733624454,209,1
775.117903930131,563.956331877729,210,1
774.688259109312,563.619433198381,211,1
775.04979253112,563.48132780083,212,1
775.047210300429,563.845493562232,213,1
774.883408071749,563.520179372197,214,1
774.536796536796,563.484848484848,215,1
774.235294117647,563.425339366516,216,1
774.454545454545,563.4329004329,217,1
774.205240174672,563.803493449782,218,1
774.152838427948,563.799126637555,219,1
774.108597285068,563.429864253394,220,1
774.067567567568,563.45045045045,221,1
774.231481481482,563.606481481482,222,1
774.10407239819,563.524886877828,223,1
773.995495495495,563.504504504505,224,1
774.038626609442,563.656652360515,225,1
774.036199095023,563.475113122172,226,1
774.155251141553,563.575342465753,227,1
774.210526315789,563.877192982456,228,1
774.144104803493,563.903930131004,229,1
774.481981981982,563.738738738739,230,1
774.199074074074,563.652777777778,231,1
774.018264840183,563.529680365297,232,1
774.067567567568,563.54954954955,233,1
774.212121212121,563.714285714286,234,1
774.078260869565,563.686956521739,235,1
774.076576576577,563.454954954955,236,1
774.174273858921,563.43153526971,237,1
773.995535714286,563.450892857143,238,1
773.756880733945,563.899082568807,239,1
774.123348017621,563.863436123348,240,1
773.963302752294,563.605504587156,241,1
773.678899082569,563.949541284404,242,1
773.082251082251,564.099567099567,243,1
771.666666666667,564.5670995671,244,1
771.198198198198,564.644144144144,245,1
769.194331983806,564.82995951417,246,1
763.835616438356,564.611872146119,247,1
753.495833333333,564.041666666667,248,1
743.625,564.091666666667,249,1
732.987288135593,565.970338983051,250,1
724.463519313305,565.562231759657,251,1
720.337837837838,565.851351351351,252,1
716.309623430962,570.782426778243,253,1
712.16935483871,573.16935483871,254,1
708.163265306122,570.8,255,1
704.380753138075,563.100418410042,256,1
699.399224806202,555.162790697674,257,1
697.938864628821,548.947598253275,258,1
699.025862068965,540.961206896552,259,1
699.196721311475,534.483606557377,260,1
695.328185328185,530.208494208494,261,1
689.600760456274,527.273764258555,262,1
683.043824701195,522.956175298805,263,1
678.669421487603,521.995867768595,264,1
673.459915611814,522.523206751055,265,1
669.51652892562,524.946280991736,266,1
669.872,525.828,267,1
669.560311284047,526.019455252918,268,1
669.615384615385,526.184615384615,269,1
669.647058823529,526.188235294118,270,1
669.591603053435,526.076335877863,271,1
669.542635658915,526.038759689922,272,1
669.70564516129,525.766129032258,273,1
669.6953125,526.140625,274,1
669.611538461538,526.053846153846,275,1
669.576763485477,526.107883817427,276,1
670.003984063745,526.03984063745,277,1
669.963855421687,525.991967871486,278,1
669.573643410853,526.139534883721,279,1
669.317269076305,526.293172690763,280,1
669.651162790698,526.267441860465,281,1
669.284552845528,526.276422764228,282,1
669.666666666667,526.245833333333,283,1
669.643153526971,526.224066390041,284,1
670.072289156627,526.192771084337,285,1
669.5703125,526.140625,286,1
669.725868725869,526.281853281853,287,1
669.939271255061,526.105263157895,288,1
670.024096385542,526.156626506024,289,1
670.012195121951,526.162601626016,290,1
669.648221343874,526.181818181818,291,1
669.786561264822,526.292490118577,292,1
670.029045643153,526.514522821577,293,1
669.924686192469,526.485355648536,294,1
669.558052434457,526.531835205992,295,1
669.65503875969,526.263565891473,296,1
669.88671875,526.53515625,297,1
669.611336032389,526.603238866397,298,1
669.992125984252,526.555118110236,299,1
670.032653061224,526.179591836735,300,1
669.698744769874,526.251046025105,301,1
669.357723577236,526.378048780488,302,1
669.30612244898,526.29387755102,303,1
669.231707317073,526.280487804878,304,1
669.265306122449,526.248979591837,305,1
670.036144578313,526.136546184739,306,1
669.766949152542,526.317796610169,307,1
669.9609375,526.54296875,308,1
669.575630252101,526.970588235294,309,1
