x,y,t,id
982.231003039514,538.106382978723,1,1
984.076923076923,523.464882943144,2,1
970.450331125828,510.529801324503,3,1
956.288401253919,495.012539184953,4,1
940.924836601307,489.62091503268,5,1
932.681818181818,503.61038961039,6,1
929.618892508143,515.009771986971,7,1
931.823920265781,530.744186046512,8,1
934.43598615917,554.508650519031,9,1
931.19801980198,581.587458745875,10,1
921.853107344633,605.872881355932,11,1
912.745283018868,627.333333333333,12,1
911.541666666667,653.060897435897,13,1
918.945859872611,674.68152866242,14,1
935.314814814815,694.805555555556,15,1
952.914826498423,713.83596214511,16,1
977.128526645768,721.623824451411,17,1
999.345070422535,724.369718309859,18,1
1018.35782747604,718.897763578275,19,1
1031.61146496815,699.108280254777,20,1
1041.96416938111,676.13680781759,21,1
1039.7138047138,652.976430976431,22,1
1032.07540983607,631.918032786885,23,1
1016.50476190476,616.936507936508,24,1
997.915032679739,605.003267973856,25,1
975.981012658228,599.398734177215,26,1
952.787096774194,596.774193548387,27,1
931.742268041237,597.60824742268,28,1
909.886120996441,599.797153024911,29,1
892.465573770492,604.563934426229,30,1
878.966565349544,619,31,1
873.435643564356,637.920792079208,32,1
877.706666666667,659.053333333333,33,1
886.757281553398,676.2071197411,34,1
897.647798742138,693.078616352201,35,1
913.620178041543,706.661721068249,36,1
931.857594936709,714.645569620253,37,1
949.252396166134,723.274760383387,38,1
967.404682274248,724.946488294314,39,1
980.086816720257,714.530546623794,40,1
995.01875,705.4875,41,1
1007.85350318471,701.127388535032,42,1
1024.47021943574,693.112852664577,43,1
1035.35135135135,676.984984984985,44,1
1047.10299003322,661.980066445183,45,1
1054.58041958042,643.594405594406,46,1
1046.78481012658,627.816455696203,47,1
1035.06349206349,613.55873015873,48,1
1019.32119205298,603.725165562914,49,1
1005.50993377483,606.658940397351,50,1
989.603174603175,616.974603174603,51,1
979.464285714286,631.461038961039,52,1
963.986842105263,640.881578947368,53,1
945.651898734177,633.743670886076,54,1
928.641693811075,626.498371335505,55,1
912.15737704918,615.003278688525,56,1
913.45,599.946666666667,57,1
924.645645645646,582.675675675676,58,1
936.310897435897,569.826923076923,59,1
956.902356902357,565.569023569024,60,1
974.819078947368,559.835526315789,61,1
985.7,544.770967741935,62,1
995.314465408805,535.996855345912,63,1
998.460264900662,521.566225165563,64,1
1001.49520766773,513.006389776358,65,1
1009.21183800623,524.679127725857,66,1
1012.14920634921,543.926984126984,67,1
1008.45253164557,562.082278481013,68,1
991.701257861635,573.235849056604,69,1
972.275,578.65,70,1
953.866013071895,581.869281045752,71,1
943.508038585209,592.434083601286,72,1
945.037267080745,605.422360248447,73,1
951.398089171975,614.910828025478,74,1
963.318611987382,620.059936908517,75,1
972.957236842105,611.953947368421,76,1
986.466463414634,601.591463414634,77,1
995.397476340694,589.041009463722,78,1
999.951298701299,571.87012987013,79,1
994.763754045307,555.339805825243,80,1
983.028037383178,543.990654205607,81,1
976.307443365696,527.514563106796,82,1
967.060317460317,512.609523809524,83,1
959.72131147541,508.24262295082,84,1
945.101307189542,510.964052287582,85,1
929.247557003257,513.117263843648,86,1
911.489436619718,513.419014084507,87,1
897.092651757188,519.536741214058,88,1
881.345047923323,530.792332268371,89,1
871.374622356495,543.36253776435,90,1
865.430379746835,560.851265822785,91,1
851.56862745098,572.709150326797,92,1
833.861635220126,567.688679245283,93,1
822.437106918239,551.138364779874,94,1
821.872549019608,532.392156862745,95,1
819.481605351171,513.401337792642,96,1
816.424836601307,491.996732026144,97,1
806.669841269841,474.492063492063,98,1
790.585284280936,469.946488294314,99,1
774,463.486394557823,100,1
761.439739413681,469.664495114007,101,1
763.694533762058,464.099678456592,102,1
778.779935275081,458.006472491909,103,1
794.337883959044,454.484641638225,104,1
811.865771812081,454.489932885906,105,1
828.710769230769,462.307692307692,106,1
845.093851132686,460.223300970874,107,1
856.195046439629,446.547987616099,108,1
856.320132013201,429.16501650165,109,1
858.938356164384,435.075342465753,110,1
863.907284768212,447.711920529801,111,1
854.839116719243,461.280757097792,112,1
847.526315789474,476.777089783282,113,1
843.833333333333,493.476666666667,114,1
832.901315789474,506.875,115,1
814.462093862816,510.848375451264,116,1
796.542372881356,509.027118644068,117,1
780.658536585366,502.454268292683,118,1
766.091525423729,493.359322033898,119,1
750.724358974359,482.923076923077,120,1
746.791798107256,464.889589905363,121,1
735.541095890411,459.006849315069,122,1
717.733108108108,461.280405405405,123,1
702.440119760479,472.964071856287,124,1
686.827794561934,483.676737160121,125,1
683.077881619938,500.080996884735,126,1
679.274247491639,516.739130434783,127,1
670.573667711599,529.166144200627,128,1
657.128834355828,539.159509202454,129,1
654.870967741935,551.516129032258,130,1
660.62037037037,567.898148148148,131,1
668.269230769231,585.701923076923,132,1
679.037037037037,597.91975308642,133,1
692.139158576052,598.925566343042,134,1
708.93023255814,595.385382059801,135,1
726.977198697068,598.990228013029,136,1
737.348387096774,606.696774193548,137,1
745.686708860759,597.221518987342,138,1
756.548895899054,581.154574132492,139,1
769.907936507936,569.412698412698,140,1
775.766990291262,555.543689320388,141,1
768.448717948718,542.144230769231,142,1
764.230031948882,527.600638977636,143,1
762.141955835962,510.208201892744,144,1
770.276073619632,496.450920245399,145,1
779.193251533742,486.524539877301,146,1
773.435736677116,473.912225705329,147,1
760.056603773585,464.522012578616,148,1
745.291536050157,456.200626959248,149,1
731.888544891641,446.195046439628,150,1
722.229235880399,432.162790697674,151,1
713.333333333333,420.490740740741,152,1
704.611285266458,423.918495297806,153,1
691.484848484848,432.545454545455,154,1
676.06875,440.715625,155,1
662.308641975309,448.240740740741,156,1
660,461,157,1
659.034591194969,467.088050314465,158,1
668.844984802432,470.200607902736,159,1
679.476510067114,484.053691275168,160,1
677.19937694704,501.523364485981,161,1
668.256097560976,517.280487804878,162,1
653.858490566038,528.317610062893,163,1
634.62457337884,531.262798634812,164,1
618.354838709677,533.590322580645,165,1
605.928348909657,543.573208722741,166,1
594.05298013245,551.175496688742,167,1
580.493333333333,553.046666666667,168,1
564.457680250784,545.971786833856,169,1
552.575562700965,545.459807073955,170,1
550.918032786885,558.291803278689,171,1
555.006211180124,573.139751552795,172,1
562.003076923077,588.363076923077,173,1
570.377643504532,599.368580060423,174,1
582.544871794872,608.035256410256,175,1
596.450657894737,616.319078947368,176,1
599.190322580645,630.238709677419,177,1
599.003086419753,644.453703703704,178,1
609.840125391849,653.53605015674,179,1
623.78640776699,654.2071197411,180,1
641.107843137255,651.653594771242,181,1
657.451219512195,646.414634146341,182,1
671.987341772152,635.579113924051,183,1
684.228571428571,626.787301587302,184,1
698.2874617737,631.639143730887,185,1
707.616564417178,644.518404907975,186,1
716.951367781155,659.90273556231,187,1
727.5,675.050955414013,188,1
731.308474576271,689.345762711864,189,1
726.114754098361,703.534426229508,190,1
732.138364779874,711.232704402516,191,1
744.425605536332,713.698961937716,192,1
761.815181518152,712.227722772277,193,1
777.990322580645,708.767741935484,194,1
793.301639344262,703.114754098361,195,1
810.564516129032,694.61935483871,196,1
826.270547945206,693.756849315069,197,1
839.862619808307,689.450479233227,198,1
853.436482084691,680.315960912052,199,1
868.953795379538,679.957095709571,200,1
882.697674418605,687.366279069767,201,1
887.06600660066,703.392739273927,202,1
889.042168674699,716.177710843373,203,1
901.930795847751,720.889273356401,204,1
920.054237288136,717.850847457627,205,1
937.052459016393,711.081967213115,206,1
953.315436241611,709.053691275168,207,1
966.065573770492,701.127868852459,208,1
982.425249169435,691.926910299003,209,1
999.316666666667,692.756666666667,210,1
1011.66981132075,682.075471698113,211,1
1020.60409556314,667.221843003413,212,1
1032.85987261146,656.452229299363,213,1
1047.19936708861,659.237341772152,214,1
1059.47058823529,672.498452012384,215,1
1067.89622641509,686.399371069182,216,1
1073.78504672897,701.688473520249,217,1
1085.49367088608,710.876582278481,218,1
1098.71692307692,717.381538461538,219,1
1108.58823529412,727.43137254902,220,1
1115.91176470588,738.924836601307,221,1
1117.85478547855,754.544554455446,222,1
1113.47419354839,771.41935483871,223,1
1121.6802507837,781.742946708464,224,1
1139.91798107256,787.372239747634,225,1
1157.01644736842,789.503289473684,226,1
1169.04807692308,780.525641025641,227,1
1182.70860927152,770.860927152318,228,1
1197.60839160839,771.423076923077,229,1
1211.88622754491,768.443113772455,230,1
1225.40378548896,761.129337539432,231,1
1238.90939597315,758.711409395973,232,1
1244.43252595156,750.449826989619,233,1
1236.03833865815,739.584664536741,234,1
1223.63914373089,730.529051987768,235,1
1210.96385542169,718.46686746988,236,1
1196.60066006601,710.273927392739,237,1
1193.06109324759,695.292604501608,238,1
1200.5,682.615894039735,239,1
1212.66447368421,671.526315789474,240,1
1228.64485981308,670.009345794393,241,1
1244.66883116883,675.49025974026,242,1
1258.69205298013,684.168874172185,243,1
1273.11111111111,688.424836601307,244,1
1288.3593220339,694.04406779661,245,1
1298.98447204969,703.875776397516,246,1
1307.24755700326,702.114006514658,247,1
1313.01219512195,693.960365853659,248,1
1313.78114478114,681.838383838384,249,1
1312.45578231293,665.581632653061,250,1
1309.4006514658,651.592833876221,251,1
1298.19325153374,643.791411042945,252,1
1292.88118811881,629.455445544554,253,1
1284.66666666667,615.281045751634,254,1
1272.27156549521,607.169329073482,255,1
1255.29692832764,605.522184300341,256,1
1236.6632996633,601.063973063973,257,1
1222.08841463415,601.228658536585,258,1
1205.46712802768,605.480968858132,259,1
1188.32191780822,607.708904109589,260,1
1178.29430379747,616.911392405063,261,1
1172.96296296296,630.515151515152,262,1
1162.40333333333,641.32,263,1
1147.4253968254,640.133333333333,264,1
1133.16878980892,631.31847133758,265,1
1122.00331125828,616.175496688742,266,1
1110.41754385965,604.656140350877,267,1
1093.52159468439,601.059800664452,268,1
1077.55670103093,598.264604810997,269,1
1059.17821782178,597.240924092409,270,1
1048.80379746835,585.721518987342,271,1
1043.81155015198,569.209726443769,272,1
1033.5993485342,561.439739413681,273,1
1019.46496815287,560.442675159236,274,1
1006.1261829653,563.627760252366,275,1
994.051987767584,569.954128440367,276,1
983.981308411215,580.809968847352,277,1
974.346625766871,592.303680981595,278,1
969.284246575342,606.359589041096,279,1
967.518151815182,622.141914191419,280,1
968.677524429967,638.605863192182,281,1
972.21021021021,650.930930930931,282,1
985.125786163522,657.720125786164,283,1
995.07,669.36,284,1
1002.95705521472,681.104294478528,285,1
1013.51886792453,687.037735849057,286,1
1025.09509202454,693.990797546012,287,1
1032.69774919614,706.366559485531,288,1
1041.63050847458,704.105084745763,289,1
1054.80817610063,703.676100628931,290,1
1064.65396825397,712.965079365079,291,1
1073.83904109589,710.267123287671,292,1
1081.68769716088,703.223974763407,293,1
1076.76393442623,691.416393442623,294,1
1075.92333333333,675.29,295,1
1070.95,658.416666666667,296,1
1066.28434504792,639.814696485623,297,1
1057.57516339869,623.424836601307,298,1
1046.16049382716,608.996913580247,299,1
1032.06012658228,595.481012658228,300,1
1018.03154574132,587.485804416404,301,1
1002.65845070423,586.580985915493,302,1
994.543918918919,580.067567567568,303,1
987.536666666667,565.95,304,1
